720
-126.667 51.6667 73.3333
-126.668 51.6649 73.3307
-126.67 51.6596 73.3227
-126.675 51.6507 73.3094
-126.681 51.6382 73.2907
-126.689 51.6223 73.2668
-126.699 51.6028 73.2375
-126.71 51.5797 73.203
-126.724 51.5531 73.1632
-126.739 51.523 73.1182
-126.755 51.4894 73.068
-126.774 51.4523 73.0125
-126.794 51.4117 72.952
-126.817 51.3677 72.8862
-126.841 51.3201 72.8154
-126.866 51.2691 72.7396
-126.894 51.2147 72.6587
-126.923 51.1569 72.5729
-126.954 51.0957 72.4821
-126.987 51.0311 72.3864
-127.021 50.9631 72.286
-127.057 50.8918 72.1807
-127.095 50.8171 72.0707
-127.135 50.7392 71.9561
-127.177 50.658 71.8368
-127.22 50.5736 71.7131
-127.265 50.4859 71.5848
-127.311 50.3951 71.4522
-127.36 50.3011 71.3152
-127.41 50.2039 71.1739
-127.462 50.1036 71.0285
-127.515 50.0003 70.8789
-127.571 49.8939 70.7253
-127.628 49.7845 70.5678
-127.686 49.6721 70.4064
-127.747 49.5568 70.2412
-127.809 49.4385 70.0722
-127.872 49.3174 69.8997
-127.938 49.1935 69.7236
-128.005 49.0667 69.5441
-128.074 48.9372 69.3613
-128.144 48.8049 69.1752
-128.216 48.67 68.9859
-128.29 48.5325 68.7936
-128.366 48.3923 68.5983
-128.443 48.2496 68.4002
-128.522 48.1043 68.1993
-128.602 47.9566 67.9958
-128.684 47.8065 67.7896
-128.768 47.654 67.5811
-128.853 47.4992 67.3702
-128.94 47.3421 67.157
-129.028 47.1827 66.9417
-129.118 47.0212 66.7244
-129.21 46.8575 66.5051
-129.303 46.6917 66.2841
-129.398 46.5239 66.0613
-129.494 46.3541 65.837
-129.592 46.1824 65.6111
-129.692 46.0088 65.3839
-129.793 45.8333 65.1554
-129.895 45.6561 64.9258
-129.999 45.4772 64.6951
-130.105 45.2966 64.4635
-130.212 45.1143 64.2311
-130.321 44.9305 63.9979
-130.431 44.7453 63.7642
-130.543 44.5585 63.53
-130.656 44.3704 63.2953
-130.77 44.181 63.0604
-130.886 43.9902 62.8254
-131.004 43.7983 62.5903
-131.123 43.6052 62.3552
-131.243 43.411 62.1203
-131.365 43.2158 61.8856
-131.488 43.0196 61.6514
-131.613 42.8224 61.4176
-131.739 42.6244 61.1843
-131.867 42.4256 60.9518
-131.995 42.2261 60.72
-132.126 42.0259 60.4891
-132.257 41.8251 60.2592
-132.39 41.6237 60.0304
-132.524 41.4218 59.8027
-132.66 41.2195 59.5763
-132.797 41.0168 59.3512
-132.935 40.8138 59.1277
-133.075 40.6106 58.9056
-133.215 40.4072 58.6852
-133.357 40.2036 58.4665
-133.501 40 58.2496
-133.645 39.7964 58.0346
-133.791 39.5928 57.8215
-133.938 39.3894 57.6105
-134.087 39.1862 57.4016
-134.236 38.9832 57.1949
-134.387 38.7805 56.9905
-134.539 38.5782 56.7884
-134.692 38.3763 56.5888
-134.846 38.1749 56.3916
-135.002 37.9741 56.197
-135.158 37.7739 56.0049
-135.316 37.5744 55.8156
-135.475 37.3756 55.6289
-135.635 37.1776 55.4451
-135.796 36.9804 55.264
-135.958 36.7842 55.0859
-136.121 36.589 54.9107
-136.285 36.3948 54.7384
-136.45 36.2017 54.5692
-136.617 36.0098 54.403
-136.784 35.819 54.24
-136.952 35.6296 54.08
-137.121 35.4415 53.9232
-137.292 35.2547 53.7697
-137.463 35.0695 53.6193
-137.635 34.8857 53.4722
-137.808 34.7034 53.3284
-137.982 34.5228 53.1878
-138.157 34.3439 53.0506
-138.333 34.1667 52.9167
-138.51 33.9912 52.7861
-138.688 33.8176 52.6588
-138.866 33.6459 52.5349
-139.046 33.4761 52.4144
-139.226 33.3083 52.2972
-139.407 33.1425 52.1833
-139.589 32.9788 52.0728
-139.771 32.8173 51.9656
-139.955 32.6579 51.8618
-140.139 32.5008 51.7613
-140.324 32.346 51.664
-140.509 32.1935 51.5701
-140.696 32.0434 51.4794
-140.883 31.8957 51.3919
-141.071 31.7504 51.3077
-141.259 31.6077 51.2266
-141.448 31.4675 51.1487
-141.638 31.33 51.0739
-141.828 31.1951 51.0022
-142.02 31.0628 50.9335
-142.211 30.9333 50.8679
-142.403 30.8065 50.8052
-142.596 30.6826 50.7454
-142.79 30.5615 50.6885
-142.984 30.4432 50.6345
-143.178 30.3279 50.5832
-143.373 30.2155 50.5346
-143.568 30.1061 50.4886
-143.764 29.9997 50.4453
-143.961 29.8964 50.4045
-144.158 29.7961 50.3662
-144.355 29.6989 50.3304
-144.553 29.6049 50.2968
-144.751 29.5141 50.2656
-144.95 29.4264 50.2366
-145.149 29.342 50.2097
-145.348 29.2608 50.1849
-145.548 29.1829 50.1621
-145.748 29.1082 50.1412
-145.948 29.0369 50.1222
-146.149 28.9689 50.1049
-146.35 28.9043 50.0893
-146.551 28.8431 50.0753
-146.753 28.7853 50.0629
-146.954 28.7309 50.0519
-147.156 28.6799 50.0422
-147.359 28.6323 50.0338
-147.561 28.5883 50.0266
-147.764 28.5477 50.0205
-147.966 28.5106 50.0154
-148.169 28.477 50.0113
-148.372 28.4469 50.0079
-148.576 28.4203 50.0053
-148.779 28.3972 50.0033
-148.982 28.3777 50.0019
-149.186 28.3618 50.001
-149.389 28.3493 50.0004
-149.593 28.3404 50.0001
-149.796 28.3351 50
-150 28.3333 50
-150.204 28.3351 50
-150.407 28.3404 49.9999
-150.611 28.3493 49.9996
-150.814 28.3618 49.999
-151.018 28.3777 49.9981
-151.221 28.3972 49.9967
-151.424 28.4203 49.9947
-151.628 28.4469 49.9921
-151.831 28.477 49.9887
-152.034 28.5106 49.9846
-152.236 28.5477 49.9795
-152.439 28.5883 49.9734
-152.641 28.6323 49.9662
-152.844 28.6799 49.9578
-153.046 28.7309 49.9481
-153.247 28.7853 49.9371
-153.449 28.8431 49.9247
-153.65 28.9043 49.9107
-153.851 28.9689 49.8951
-154.052 29.0369 49.8778
-154.252 29.1082 49.8588
-154.452 29.1829 49.8379
-154.652 29.2608 49.8151
-154.851 29.342 49.7903
-155.05 29.4264 49.7634
-155.249 29.5141 49.7344
-155.447 29.6049 49.7032
-155.645 29.6989 49.6696
-155.842 29.7961 49.6338
-156.039 29.8964 49.5955
-156.236 29.9997 49.5547
-156.432 30.1061 49.5114
-156.627 30.2155 49.4654
-156.822 30.3279 49.4168
-157.016 30.4432 49.3655
-157.21 30.5615 49.3115
-157.404 30.6826 49.2546
-157.597 30.8065 49.1948
-157.789 30.9333 49.1321
-157.98 31.0628 49.0665
-158.172 31.1951 48.9978
-158.362 31.33 48.9261
-158.552 31.4675 48.8513
-158.741 31.6077 48.7734
-158.929 31.7504 48.6923
-159.117 31.8957 48.6081
-159.304 32.0434 48.5206
-159.491 32.1935 48.4299
-159.676 32.346 48.336
-159.861 32.5008 48.2387
-160.045 32.6579 48.1382
-160.229 32.8173 48.0344
-160.411 32.9788 47.9272
-160.593 33.1425 47.8167
-160.774 33.3083 47.7028
-160.954 33.4761 47.5856
-161.134 33.6459 47.4651
-161.312 33.8176 47.3412
-161.49 33.9912 47.2139
-161.667 34.1667 47.0833
-161.843 34.3439 46.9494
-162.018 34.5228 46.8122
-162.192 34.7034 46.6716
-162.365 34.8857 46.5278
-162.537 35.0695 46.3807
-162.708 35.2547 46.2303
-162.879 35.4415 46.0768
-163.048 35.6296 45.92
-163.216 35.819 45.76
-163.383 36.0098 45.597
-163.55 36.2017 45.4308
-163.715 36.3948 45.2616
-163.879 36.589 45.0893
-164.042 36.7842 44.9141
-164.204 36.9804 44.736
-164.365 37.1776 44.5549
-164.525 37.3756 44.3711
-164.684 37.5744 44.1844
-164.842 37.7739 43.9951
-164.998 37.9741 43.803
-165.154 38.1749 43.6084
-165.308 38.3763 43.4112
-165.461 38.5782 43.2116
-165.613 38.7805 43.0095
-165.764 38.9832 42.8051
-165.913 39.1862 42.5984
-166.062 39.3894 42.3895
-166.209 39.5928 42.1785
-166.355 39.7964 41.9654
-166.499 40 41.7504
-166.643 40.2036 41.5335
-166.785 40.4072 41.3148
-166.925 40.6106 41.0944
-167.065 40.8138 40.8723
-167.203 41.0168 40.6488
-167.34 41.2195 40.4237
-167.476 41.4218 40.1973
-167.61 41.6237 39.9696
-167.743 41.8251 39.7408
-167.874 42.0259 39.5109
-168.005 42.2261 39.28
-168.133 42.4256 39.0482
-168.261 42.6244 38.8157
-168.387 42.8224 38.5824
-168.512 43.0196 38.3486
-168.635 43.2158 38.1144
-168.757 43.411 37.8797
-168.877 43.6052 37.6448
-168.996 43.7983 37.4097
-169.114 43.9902 37.1746
-169.23 44.181 36.9396
-169.344 44.3704 36.7047
-169.457 44.5585 36.47
-169.569 44.7453 36.2358
-169.679 44.9305 36.0021
-169.788 45.1143 35.7689
-169.895 45.2966 35.5365
-170.001 45.4772 35.3049
-170.105 45.6561 35.0742
-170.207 45.8333 34.8446
-170.308 46.0088 34.6161
-170.408 46.1824 34.3889
-170.506 46.3541 34.163
-170.602 46.5239 33.9387
-170.697 46.6917 33.7159
-170.79 46.8575 33.4949
-170.882 47.0212 33.2756
-170.972 47.1827 33.0583
-171.06 47.3421 32.843
-171.147 47.4992 32.6298
-171.232 47.654 32.4189
-171.316 47.8065 32.2104
-171.398 47.9566 32.0042
-171.478 48.1043 31.8007
-171.557 48.2496 31.5998
-171.634 48.3923 31.4017
-171.71 48.5325 31.2064
-171.784 48.67 31.0141
-171.856 48.8049 30.8248
-171.926 48.9372 30.6387
-171.995 49.0667 30.4559
-172.062 49.1935 30.2764
-172.128 49.3174 30.1003
-172.191 49.4385 29.9278
-172.253 49.5568 29.7588
-172.314 49.6721 29.5936
-172.372 49.7845 29.4322
-172.429 49.8939 29.2747
-172.485 50.0003 29.1211
-172.538 50.1036 28.9715
-172.59 50.2039 28.8261
-172.64 50.3011 28.6848
-172.689 50.3951 28.5478
-172.735 50.4859 28.4152
-172.78 50.5736 28.2869
-172.823 50.658 28.1632
-172.865 50.7392 28.0439
-172.905 50.8171 27.9293
-172.943 50.8918 27.8193
-172.979 50.9631 27.714
-173.013 51.0311 27.6136
-173.046 51.0957 27.5179
-173.077 51.1569 27.4271
-173.106 51.2147 27.3413
-173.134 51.2691 27.2604
-173.159 51.3201 27.1846
-173.183 51.3677 27.1138
-173.206 51.4117 27.048
-173.226 51.4523 26.9875
-173.245 51.4894 26.932
-173.261 51.523 26.8818
-173.276 51.5531 26.8368
-173.29 51.5797 26.797
-173.301 51.6028 26.7625
-173.311 51.6223 26.7332
-173.319 51.6382 26.7093
-173.325 51.6507 26.6906
-173.33 51.6596 26.6773
-173.332 51.6649 26.6693
-173.333 51.6667 26.6667
-173.332 51.6649 26.6693
-173.33 51.6596 26.6773
-173.325 51.6507 26.6906
-173.319 51.6382 26.7093
-173.311 51.6223 26.7332
-173.301 51.6028 26.7625
-173.29 51.5797 26.797
-173.276 51.5531 26.8368
-173.261 51.523 26.8818
-173.245 51.4894 26.932
-173.226 51.4523 26.9875
-173.206 51.4117 27.048
-173.183 51.3677 27.1138
-173.159 51.3201 27.1846
-173.134 51.2691 27.2604
-173.106 51.2147 27.3413
-173.077 51.1569 27.4271
-173.046 51.0957 27.5179
-173.013 51.0311 27.6136
-172.979 50.9631 27.714
-172.943 50.8918 27.8193
-172.905 50.8171 27.9293
-172.865 50.7392 28.0439
-172.823 50.658 28.1632
-172.78 50.5736 28.2869
-172.735 50.4859 28.4152
-172.689 50.3951 28.5478
-172.64 50.3011 28.6848
-172.59 50.2039 28.8261
-172.538 50.1036 28.9715
-172.485 50.0003 29.1211
-172.429 49.8939 29.2747
-172.372 49.7845 29.4322
-172.314 49.6721 29.5936
-172.253 49.5568 29.7588
-172.191 49.4385 29.9278
-172.128 49.3174 30.1003
-172.062 49.1935 30.2764
-171.995 49.0667 30.4559
-171.926 48.9372 30.6387
-171.856 48.8049 30.8248
-171.784 48.67 31.0141
-171.71 48.5325 31.2064
-171.634 48.3923 31.4017
-171.557 48.2496 31.5998
-171.478 48.1043 31.8007
-171.398 47.9566 32.0042
-171.316 47.8065 32.2104
-171.232 47.654 32.4189
-171.147 47.4992 32.6298
-171.06 47.3421 32.843
-170.972 47.1827 33.0583
-170.882 47.0212 33.2756
-170.79 46.8575 33.4949
-170.697 46.6917 33.7159
-170.602 46.5239 33.9387
-170.506 46.3541 34.163
-170.408 46.1824 34.3889
-170.308 46.0088 34.6161
-170.207 45.8333 34.8446
-170.105 45.6561 35.0742
-170.001 45.4772 35.3049
-169.895 45.2966 35.5365
-169.788 45.1143 35.7689
-169.679 44.9305 36.0021
-169.569 44.7453 36.2358
-169.457 44.5585 36.47
-169.344 44.3704 36.7047
-169.23 44.181 36.9396
-169.114 43.9902 37.1746
-168.996 43.7983 37.4097
-168.877 43.6052 37.6448
-168.757 43.411 37.8797
-168.635 43.2158 38.1144
-168.512 43.0196 38.3486
-168.387 42.8224 38.5824
-168.261 42.6244 38.8157
-168.133 42.4256 39.0482
-168.005 42.2261 39.28
-167.874 42.0259 39.5109
-167.743 41.8251 39.7408
-167.61 41.6237 39.9696
-167.476 41.4218 40.1973
-167.34 41.2195 40.4237
-167.203 41.0168 40.6488
-167.065 40.8138 40.8723
-166.925 40.6106 41.0944
-166.785 40.4072 41.3148
-166.643 40.2036 41.5335
-166.499 40 41.7504
-166.355 39.7964 41.9654
-166.209 39.5928 42.1785
-166.062 39.3894 42.3895
-165.913 39.1862 42.5984
-165.764 38.9832 42.8051
-165.613 38.7805 43.0095
-165.461 38.5782 43.2116
-165.308 38.3763 43.4112
-165.154 38.1749 43.6084
-164.998 37.9741 43.803
-164.842 37.7739 43.9951
-164.684 37.5744 44.1844
-164.525 37.3756 44.3711
-164.365 37.1776 44.5549
-164.204 36.9804 44.736
-164.042 36.7842 44.9141
-163.879 36.589 45.0893
-163.715 36.3948 45.2616
-163.55 36.2017 45.4308
-163.383 36.0098 45.597
-163.216 35.819 45.76
-163.048 35.6296 45.92
-162.879 35.4415 46.0768
-162.708 35.2547 46.2303
-162.537 35.0695 46.3807
-162.365 34.8857 46.5278
-162.192 34.7034 46.6716
-162.018 34.5228 46.8122
-161.843 34.3439 46.9494
-161.667 34.1667 47.0833
-161.49 33.9912 47.2139
-161.312 33.8176 47.3412
-161.134 33.6459 47.4651
-160.954 33.4761 47.5856
-160.774 33.3083 47.7028
-160.593 33.1425 47.8167
-160.411 32.9788 47.9272
-160.229 32.8173 48.0344
-160.045 32.6579 48.1382
-159.861 32.5008 48.2387
-159.676 32.346 48.336
-159.491 32.1935 48.4299
-159.304 32.0434 48.5206
-159.117 31.8957 48.6081
-158.929 31.7504 48.6923
-158.741 31.6077 48.7734
-158.552 31.4675 48.8513
-158.362 31.33 48.9261
-158.172 31.1951 48.9978
-157.98 31.0628 49.0665
-157.789 30.9333 49.1321
-157.597 30.8065 49.1948
-157.404 30.6826 49.2546
-157.21 30.5615 49.3115
-157.016 30.4432 49.3655
-156.822 30.3279 49.4168
-156.627 30.2155 49.4654
-156.432 30.1061 49.5114
-156.236 29.9997 49.5547
-156.039 29.8964 49.5955
-155.842 29.7961 49.6338
-155.645 29.6989 49.6696
-155.447 29.6049 49.7032
-155.249 29.5141 49.7344
-155.05 29.4264 49.7634
-154.851 29.342 49.7903
-154.652 29.2608 49.8151
-154.452 29.1829 49.8379
-154.252 29.1082 49.8588
-154.052 29.0369 49.8778
-153.851 28.9689 49.8951
-153.65 28.9043 49.9107
-153.449 28.8431 49.9247
-153.247 28.7853 49.9371
-153.046 28.7309 49.9481
-152.844 28.6799 49.9578
-152.641 28.6323 49.9662
-152.439 28.5883 49.9734
-152.236 28.5477 49.9795
-152.034 28.5106 49.9846
-151.831 28.477 49.9887
-151.628 28.4469 49.9921
-151.424 28.4203 49.9947
-151.221 28.3972 49.9967
-151.018 28.3777 49.9981
-150.814 28.3618 49.999
-150.611 28.3493 49.9996
-150.407 28.3404 49.9999
-150.204 28.3351 50
-150 28.3333 50
-149.796 28.3351 50
-149.593 28.3404 50.0001
-149.389 28.3493 50.0004
-149.186 28.3618 50.001
-148.982 28.3777 50.0019
-148.779 28.3972 50.0033
-148.576 28.4203 50.0053
-148.372 28.4469 50.0079
-148.169 28.477 50.0113
-147.966 28.5106 50.0154
-147.764 28.5477 50.0205
-147.561 28.5883 50.0266
-147.359 28.6323 50.0338
-147.156 28.6799 50.0422
-146.954 28.7309 50.0519
-146.753 28.7853 50.0629
-146.551 28.8431 50.0753
-146.35 28.9043 50.0893
-146.149 28.9689 50.1049
-145.948 29.0369 50.1222
-145.748 29.1082 50.1412
-145.548 29.1829 50.1621
-145.348 29.2608 50.1849
-145.149 29.342 50.2097
-144.95 29.4264 50.2366
-144.751 29.5141 50.2656
-144.553 29.6049 50.2968
-144.355 29.6989 50.3304
-144.158 29.7961 50.3662
-143.961 29.8964 50.4045
-143.764 29.9997 50.4453
-143.568 30.1061 50.4886
-143.373 30.2155 50.5346
-143.178 30.3279 50.5832
-142.984 30.4432 50.6345
-142.79 30.5615 50.6885
-142.596 30.6826 50.7454
-142.403 30.8065 50.8052
-142.211 30.9333 50.8679
-142.02 31.0628 50.9335
-141.828 31.1951 51.0022
-141.638 31.33 51.0739
-141.448 31.4675 51.1487
-141.259 31.6077 51.2266
-141.071 31.7504 51.3077
-140.883 31.8957 51.3919
-140.696 32.0434 51.4794
-140.509 32.1935 51.5701
-140.324 32.346 51.664
-140.139 32.5008 51.7613
-139.955 32.6579 51.8618
-139.771 32.8173 51.9656
-139.589 32.9788 52.0728
-139.407 33.1425 52.1833
-139.226 33.3083 52.2972
-139.046 33.4761 52.4144
-138.866 33.6459 52.5349
-138.688 33.8176 52.6588
-138.51 33.9912 52.7861
-138.333 34.1667 52.9167
-138.157 34.3439 53.0506
-137.982 34.5228 53.1878
-137.808 34.7034 53.3284
-137.635 34.8857 53.4722
-137.463 35.0695 53.6193
-137.292 35.2547 53.7697
-137.121 35.4415 53.9232
-136.952 35.6296 54.08
-136.784 35.819 54.24
-136.617 36.0098 54.403
-136.45 36.2017 54.5692
-136.285 36.3948 54.7384
-136.121 36.589 54.9107
-135.958 36.7842 55.0859
-135.796 36.9804 55.264
-135.635 37.1776 55.4451
-135.475 37.3756 55.6289
-135.316 37.5744 55.8156
-135.158 37.7739 56.0049
-135.002 37.9741 56.197
-134.846 38.1749 56.3916
-134.692 38.3763 56.5888
-134.539 38.5782 56.7884
-134.387 38.7805 56.9905
-134.236 38.9832 57.1949
-134.087 39.1862 57.4016
-133.938 39.3894 57.6105
-133.791 39.5928 57.8215
-133.645 39.7964 58.0346
-133.501 40 58.2496
-133.357 40.2036 58.4665
-133.215 40.4072 58.6852
-133.075 40.6106 58.9056
-132.935 40.8138 59.1277
-132.797 41.0168 59.3512
-132.66 41.2195 59.5763
-132.524 41.4218 59.8027
-132.39 41.6237 60.0304
-132.257 41.8251 60.2592
-132.126 42.0259 60.4891
-131.995 42.2261 60.72
-131.867 42.4256 60.9518
-131.739 42.6244 61.1843
-131.613 42.8224 61.4176
-131.488 43.0196 61.6514
-131.365 43.2158 61.8856
-131.243 43.411 62.1203
-131.123 43.6052 62.3552
-131.004 43.7983 62.5903
-130.886 43.9902 62.8254
-130.77 44.181 63.0604
-130.656 44.3704 63.2953
-130.543 44.5585 63.53
-130.431 44.7453 63.7642
-130.321 44.9305 63.9979
-130.212 45.1143 64.2311
-130.105 45.2966 64.4635
-129.999 45.4772 64.6951
-129.895 45.6561 64.9258
-129.793 45.8333 65.1554
-129.692 46.0088 65.3839
-129.592 46.1824 65.6111
-129.494 46.3541 65.837
-129.398 46.5239 66.0613
-129.303 46.6917 66.2841
-129.21 46.8575 66.5051
-129.118 47.0212 66.7244
-129.028 47.1827 66.9417
-128.94 47.3421 67.157
-128.853 47.4992 67.3702
-128.768 47.654 67.5811
-128.684 47.8065 67.7896
-128.602 47.9566 67.9958
-128.522 48.1043 68.1993
-128.443 48.2496 68.4002
-128.366 48.3923 68.5983
-128.29 48.5325 68.7936
-128.216 48.67 68.9859
-128.144 48.8049 69.1752
-128.074 48.9372 69.3613
-128.005 49.0667 69.5441
-127.938 49.1935 69.7236
-127.872 49.3174 69.8997
-127.809 49.4385 70.0722
-127.747 49.5568 70.2412
-127.686 49.6721 70.4064
-127.628 49.7845 70.5678
-127.571 49.8939 70.7253
-127.515 50.0003 70.8789
-127.462 50.1036 71.0285
-127.41 50.2039 71.1739
-127.36 50.3011 71.3152
-127.311 50.3951 71.4522
-127.265 50.4859 71.5848
-127.22 50.5736 71.7131
-127.177 50.658 71.8368
-127.135 50.7392 71.9561
-127.095 50.8171 72.0707
-127.057 50.8918 72.1807
-127.021 50.9631 72.286
-126.987 51.0311 72.3864
-126.954 51.0957 72.4821
-126.923 51.1569 72.5729
-126.894 51.2147 72.6587
-126.866 51.2691 72.7396
-126.841 51.3201 72.8154
-126.817 51.3677 72.8862
-126.794 51.4117 72.952
-126.774 51.4523 73.0125
-126.755 51.4894 73.068
-126.739 51.523 73.1182
-126.724 51.5531 73.1632
-126.71 51.5797 73.203
-126.699 51.6028 73.2375
-126.689 51.6223 73.2668
-126.681 51.6382 73.2907
-126.675 51.6507 73.3094
-126.67 51.6596 73.3227
-126.668 51.6649 73.3307
51.6667 73.3333 -3.86081
51.6649 73.3307 1.3099
51.6596 73.3227 -0.652001
51.6507 73.3094 -3.85299
51.6382 73.2907 1.2917
51.6223 73.2668 -0.683114
51.6028 73.2375 -3.84515
51.5797 73.203 1.27276
51.5531 73.1632 -0.713775
51.523 73.1182 -3.83731
51.4894 73.068 1.25307
51.4523 73.0125 -0.743964
51.4117 72.952 -3.82945
51.3677 72.8862 1.23266
51.3201 72.8154 -0.773659
51.2691 72.7396 -3.82159
51.2147 72.6587 0
51.1569 72.5729 -0.802839
51.0957 72.4821 0
51.0311 72.3864 1.18965
50.9631 72.286 -0.831483
50.8918 72.1807 -3.80583
50.8171 72.0707 1.16708
50.7392 71.9561 -0.859572
50.658 71.8368 -3.79793
50.5736 71.7131 1.14382
50.4859 71.5848 -0.887086
50.3951 71.4522 -3.79003
50.3011 71.3152 1.11988
50.2039 71.1739 -0.914006
50.1036 71.0285 -3.78211
50.0003 70.8789 1.09527
49.8939 70.7253 -0.940314
49.7845 70.5678 -3.77418
49.6721 70.4064 1.07
49.5568 70.2412 -0.965992
49.4385 70.0722 -3.76625
49.3174 69.8997 1.0441
49.1935 69.7236 -0.991023
49.0667 69.5441 -3.7583
48.9372 69.3613 1.01758
48.8049 69.1752 -1.01539
48.67 68.9859 -3.75034
48.5325 68.7936 0.990454
48.3923 68.5983 -1.03908
48.2496 68.4002 -3.74237
48.1043 68.1993 0.962745
47.9566 67.9958 -1.06209
47.8065 67.7896 -3.73439
47.654 67.5811 0.93447
47.4992 67.3702 -1.08438
47.3421 67.157 -3.7264
47.1827 66.9417 0.90565
47.0212 66.7244 -1.10597
46.8575 66.5051 -3.7184
46.6917 66.2841 0.876302
46.5239 66.0613 -1.12682
46.3541 65.837 -3.71039
46.1824 65.6111 0.846448
46.0088 65.3839 -1.14694
45.8333 65.1554 -3.70237
45.6561 64.9258 0.816108
45.4772 64.6951 -1.16632
45.2966 64.4635 -3.69434
45.1143 64.2311 0.785302
44.9305 63.9979 -1.18494
44.7453 63.7642 -3.6863
44.5585 63.53 0.753991
44.3704 63.2953 -1.2027
44.181 63.0604 -3.67824
43.9902 62.8254 0.722224
43.7983 62.5903 -1.21962
43.6052 62.3552 -3.67018
43.411 62.1203 0.690052
43.2158 61.8856 -1.23575
43.0196 61.6514 -3.6621
42.8224 61.4176 0.657498
42.6244 61.1843 -1.25109
42.4256 60.9518 -3.65402
42.2261 60.72 0.624583
42.0259 60.4891 -1.26563
41.8251 60.2592 -3.64592
41.6237 60.0304 0.591326
41.4218 59.8027 -1.27937
41.2195 59.5763 -3.63781
41.0168 59.3512 0.557679
40.8138 59.1277 -1.29213
40.6106 58.9056 -3.62969
40.4072 58.6852 0.523714
40.2036 58.4665 -1.30399
40 58.2496 -3.62156
39.7964 58.0346 0.489477
39.5928 57.8215 -1.31503
39.3894 57.6105 -3.61342
39.1862 57.4016 0.454989
38.9832 57.1949 -1.32525
38.7805 56.9905 -3.60527
38.5782 56.7884 0.420269
38.3763 56.5888 -1.33466
38.1749 56.3916 -3.5971
37.9741 56.197 0.385264
37.7739 56.0049 -1.34293
37.5744 55.8156 -3.58893
37.3756 55.6289 0.350074
37.1776 55.4451 -1.35035
36.9804 55.264 -3.58074
36.7842 55.0859 0.314723
36.589 54.9107 -1.35694
36.3948 54.7384 -3.57254
36.2017 54.5692 0.279229
36.0098 54.403 -1.36271
35.819 54.24 -3.56433
35.6296 54.08 0.243576
35.4415 53.9232 -1.36739
35.2547 53.7697 -3.55611
35.0695 53.6193 0.207815
34.8857 53.4722 -1.37111
34.7034 53.3284 -3.54788
34.5228 53.1878 0.171983
34.3439 53.0506 -1.374
34.1667 52.9167 -3.53963
33.9912 52.7861 0.136094
33.8176 52.6588 -1.37608
33.6459 52.5349 -3.53138
33.4761 52.4144 0.100157
33.3083 52.2972 -1.377
33.1425 52.1833 -3.52311
32.9788 52.0728 0.0642157
32.8173 51.9656 -1.37699
32.6579 51.8618 -3.51483
32.5008 51.7613 0.0282868
32.346 51.664 -1.37617
32.1935 51.5701 -3.50654
32.0434 51.4794 -0.00761579
31.8957 51.3919 -1.37451
31.7504 51.3077 -3.49824
31.6077 51.2266 -0.0434336
31.4675 51.1487 -1.3716
31.33 51.0739 -3.48992
31.1951 51.0022 -0.0791705
31.0628 50.9335 -1.36789
30.9333 50.8679 -3.48159
30.8065 50.8052 -0.114818
30.6826 50.7454 -1.36339
30.5615 50.6885 -3.47325
30.4432 50.6345 -0.150307
30.3279 50.5832 -1.35779
30.2155 50.5346 -3.4649
30.1061 50.4886 -0.18562
29.9997 50.4453 -1.3512
29.8964 50.4045 -3.45654
29.7961 50.3662 -0.22078
29.6989 50.3304 -1.34386
29.6049 50.2968 -3.44816
29.5141 50.2656 -0.255739
29.4264 50.2366 -1.3356
29.342 50.2097 -3.43978
29.2608 50.1849 -0.290397
29.1829 50.1621 -1.32618
29.1082 50.1412 -3.43138
29.0369 50.1222 -0.324842
28.9689 50.1049 -1.31604
28.9043 50.0893 -3.42296
28.8431 50.0753 -0.359056
28.7853 50.0629 -1.30512
28.7309 50.0519 -3.41454
28.6799 50.0422 -0.392833
28.6323 50.0338 -1.29293
28.5883 50.0266 -3.4061
28.5477 50.0205 -0.42634
28.5106 50.0154 -1.28005
28.477 50.0113 -3.39765
28.4469 50.0079 -0.459581
28.4203 50.0053 -1.26648
28.3972 50.0033 -3.38919
28.3777 50.0019 -0.492264
28.3618 50.001 -1.25163
28.3493 50.0004 -3.38072
28.3404 50.0001 -0.524619
28.3351 50 -1.23609
28.3333 50 -3.37223
28.3351 50 -0.556658
28.3404 49.9999 -1.21991
28.3493 49.9996 -3.36373
28.3618 49.999 -0.588038
28.3777 49.9981 -1.20249
28.3972 49.9967 -3.35522
28.4203 49.9947 -0.619032
28.4469 49.9921 -1.18441
28.477 49.9887 -3.34669
28.5106 49.9846 -0.649667
28.5477 49.9795 -1.16572
28.5883 49.9734 -3.33816
28.6323 49.9662 -0.679519
28.6799 49.9578 -1.14581
28.7309 49.9481 -3.3296
28.7853 49.9371 -0.708954
28.8431 49.9247 -1.12531
28.9043 49.9107 -3.32104
28.9689 49.8951 -0.737956
29.0369 49.8778 -1.10419
29.1082 49.8588 -3.31247
29.1829 49.8379 -0.76609
29.2608 49.8151 -1.08194
29.342 49.7903 -3.30387
29.4264 49.7634 -0.793782
29.5141 49.7344 -1.05915
29.6049 49.7032 -3.29527
29.6989 49.6696 -0.820917
29.7961 49.6338 -1.03569
29.8964 49.5955 -3.28666
29.9997 49.5547 -0.847164
30.1061 49.5114 -1.01126
30.2155 49.4654 -3.27803
30.3279 49.4168 -0.872941
30.4432 49.3655 -0.986339
30.5615 49.3115 -3.26938
30.6826 49.2546 -0.89799
30.8065 49.1948 -0.960682
30.9333 49.1321 -3.26073
31.0628 49.0665 -0.922186
31.1951 48.9978 -0.934233
31.33 48.9261 -3.25206
31.4675 48.8513 -0.945889
31.6077 48.7734 -0.907342
31.7504 48.6923 -3.24338
31.8957 48.6081 -0.96864
32.0434 48.5206 -0.879639
32.1935 48.4299 -3.23468
32.346 48.336 -0.990638
32.5008 48.2387 -0.85135
32.6579 48.1382 -3.22597
32.8173 48.0344 -1.01212
32.9788 47.9272 -0.822663
33.1425 47.8167 -3.21725
33.3083 47.7028 -1.03237
33.4761 47.5856 -0.793097
33.6459 47.4651 -3.20851
33.8176 47.3412 -1.05204
33.9912 47.2139 -0.763152
34.1667 47.0833 -3.19975
34.3439 46.9494 -1.07097
34.5228 46.8122 -0.732729
34.7034 46.6716 -3.19099
34.8857 46.5278 -1.08874
35.0695 46.3807 -0.701626
35.2547 46.2303 -3.18221
35.4415 46.0768 -1.10596
35.6296 45.92 -0.670219
35.819 45.76 -3.17342
36.0098 45.597 -1.12211
36.2017 45.4308 -0.638247
36.3948 45.2616 -3.16461
36.589 45.0893 -1.13734
36.7842 44.9141 -0.605839
36.9804 44.736 -3.15579
37.1776 44.5549 -1.15201
37.3756 44.3711 -0.573168
37.5744 44.1844 -3.14696
37.7739 43.9951 -1.16522
37.9741 43.803 -0.539886
38.1749 43.6084 -3.1381
38.3763 43.4112 -1.17782
38.5782 43.2116 -0.506379
38.7805 43.0095 -3.12924
38.9832 42.8051 -1.18951
39.1862 42.5984 -0.472537
39.3894 42.3895 -3.12036
39.5928 42.1785 -1.19999
39.7964 41.9654 -0.438313
40 41.7504 -3.11146
40.2036 41.5335 -1.20989
40.4072 41.3148 -0.403917
40.6106 41.0944 -3.10256
40.8138 40.8723 -1.21843
41.0168 40.6488 -0.369161
41.2195 40.4237 -3.09363
41.4218 40.1973 -1.22615
41.6237 39.9696 -0.334224
41.8251 39.7408 -3.0847
42.0259 39.5109 -1.23308
42.2261 39.28 -0.299117
42.4256 39.0482 -3.07575
42.6244 38.8157 -1.23858
42.8224 38.5824 -0.263767
43.0196 38.3486 -3.06678
43.2158 38.1144 -1.2435
43.411 37.8797 -0.228335
43.6052 37.6448 -3.0578
43.7983 37.4097 -1.24713
43.9902 37.1746 -0.192747
44.181 36.9396 -3.0488
44.3704 36.7047 -1.2498
44.5585 36.47 -0.157087
44.7453 36.2358 -3.03979
44.9305 36.0021 -1.25176
45.1143 35.7689 -0.121374
45.2966 35.5365 -3.03077
45.4772 35.3049 -1.25216
45.6561 35.0742 -0.0856187
45.8333 34.8446 -3.02172
46.0088 34.6161 -1.25199
46.1824 34.3889 -0.0498684
46.3541 34.163 -3.01267
46.5239 33.9387 -1.25056
46.6917 33.7159 -0.0141428
46.8575 33.4949 -3.00359
47.0212 33.2756 -1.24811
47.1827 33.0583 0.0215133
47.3421 32.843 -2.9945
47.4992 32.6298 -1.24499
47.654 32.4189 0.057124
47.8065 32.2104 -2.9854
47.9566 32.0042 -1.24027
48.1043 31.8007 0.0925498
48.2496 31.5998 -2.97628
48.3923 31.4017 -1.23499
48.5325 31.2064 0.127888
48.67 31.0141 -2.96715
48.8049 30.8248 -1.22847
48.9372 30.6387 0.163022
49.0667 30.4559 -2.958
49.1935 30.2764 -1.22094
49.3174 30.1003 0.197938
49.4385 29.9278 -2.94883
49.5568 29.7588 -1.21272
49.6721 29.5936 0.232709
49.7845 29.4322 -2.93965
49.8939 29.2747 -1.20296
50.0003 29.1211 0.267068
50.1036 28.9715 -2.93045
50.2039 28.8261 -1.19267
50.3011 28.6848 0.301262
50.3951 28.5478 -2.92124
50.4859 28.4152 -1.18112
50.5736 28.2869 0.335055
50.658 28.1632 -2.91201
50.7392 28.0439 -1.16864
50.8171 27.9293 0.368503
50.8918 27.8193 -2.90276
50.9631 27.714 -1.15545
51.0311 27.6136 0.401683
51.0957 27.5179 -2.8935
51.1569 27.4271 -1.14083
51.2147 27.3413 0.434249
51.2691 27.2604 -2.88422
51.3201 27.1846 -1.12572
51.3677 27.1138 0.466581
51.4117 27.048 -2.87492
51.4523 26.9875 -1.10932
51.4894 26.932 0.498285
51.523 26.8818 -2.86561
51.5531 26.8368 -1.09214
51.5797 26.797 0.529553
51.6028 26.7625 -2.85628
51.6223 26.7332 -1.0742
51.6382 26.7093 0.560398
51.6507 26.6906 -2.84694
51.6596 26.6773 -1.05502
51.6649 26.6693 0.590474
51.6667 26.6667 -2.83757
51.6649 26.6693 -1.03538
51.6596 26.6773 0.62025
51.6507 26.6906 -2.8282
51.6382 26.7093 -1.01445
51.6223 26.7332 0.649137
51.6028 26.7625 -2.8188
51.5797 26.797 -0.99291
51.5531 26.8368 0.677549
51.523 26.8818 -2.80938
51.4894 26.932 -0.970564
51.4523 26.9875 0.705341
51.4117 27.048 -2.79995
51.3677 27.1138 -0.947205
51.3201 27.1846 0.732268
51.2691 27.2604 -2.7905
51.2147 27.3413 -0.923431
51.1569 27.4271 0.758836
51.0957 27.5179 -2.78104
51.0311 27.6136 -0.898402
50.9631 27.714 0.784217
50.8918 27.8193 -2.77156
50.8171 27.9293 -0.872938
50.7392 28.0439 0.809142
50.658 28.1632 -2.76206
50.5736 28.2869 -0.846656
50.4859 28.4152 0.833212
50.3951 28.5478 -2.75254
50.3011 28.6848 -0.819602
50.2039 28.8261 0.856385
50.1036 28.9715 -2.743
50.0003 29.1211 -0.792132
49.8939 29.2747 0.879077
49.7845 29.4322 -2.73345
49.6721 29.5936 -0.763596
49.5568 29.7588 0.900396
49.4385 29.9278 -2.72388
49.3174 30.1003 -0.73474
49.1935 30.2764 0.921263
49.0667 30.4559 -2.71429
48.9372 30.6387 0
48.8049 30.8248 1.22227e-311
48.67 31.0141 0
48.5325 31.2064 1.24986e-311
48.3923 31.4017 1.22439e-311
48.2496 31.5998 1.22651e-311
48.1043 31.8007 1.25198e-311
47.9566 32.0042 1.22651e-311
47.8065 32.2104 1.22864e-311
47.654 32.4189 1.2541e-311
47.4992 32.6298 1.22864e-311
47.3421 32.843 1.23076e-311
47.1827 33.0583 1.25622e-311
47.0212 33.2756 1.23076e-311
46.8575 33.4949 1.23288e-311
46.6917 33.7159 1.25834e-311
46.5239 33.9387 1.23288e-311
46.3541 34.163 1.235e-311
46.1824 34.3889 1.26047e-311
46.0088 34.6161 1.235e-311
45.8333 34.8446 1.23712e-311
45.6561 35.0742 1.26259e-311
45.4772 35.3049 1.23712e-311
45.2966 35.5365 1.23925e-311
45.1143 35.7689 1.26471e-311
44.9305 36.0021 1.23925e-311
44.7453 36.2358 1.24137e-311
44.5585 36.47 1.26683e-311
44.3704 36.7047 1.24137e-311
44.181 36.9396 1.24349e-311
43.9902 37.1746 1.26895e-311
43.7983 37.4097 1.24349e-311
43.6052 37.6448 1.24561e-311
43.411 37.8797 1.27108e-311
43.2158 38.1144 1.24561e-311
43.0196 38.3486 1.22227e-311
42.8224 38.5824 1.2732e-311
42.6244 38.8157 1.24773e-311
42.4256 39.0482 1.24986e-311
42.2261 39.28 1.27532e-311
42.0259 39.5109 1.24986e-311
41.8251 39.7408 1.25198e-311
41.6237 39.9696 1.27744e-311
41.4218 40.1973 1.25198e-311
41.2195 40.4237 1.2541e-311
41.0168 40.6488 1.27956e-311
40.8138 40.8723 1.2541e-311
40.6106 41.0944 1.25622e-311
40.4072 41.3148 1.28169e-311
40.2036 41.5335 1.25622e-311
40 41.7504 1.25834e-311
39.7964 41.9654 1.28381e-311
39.5928 42.1785 1.25834e-311
39.3894 42.3895 1.26047e-311
39.1862 42.5984 1.28593e-311
38.9832 42.8051 1.26047e-311
38.7805 43.0095 1.26259e-311
38.5782 43.2116 1.28805e-311
38.3763 43.4112 1.26259e-311
38.1749 43.6084 1.26471e-311
37.9741 43.803 1.29017e-311
37.7739 43.9951 1.26471e-311
37.5744 44.1844 1.26683e-311
37.3756 44.3711 1.2923e-311
37.1776 44.5549 1.26683e-311
36.9804 44.736 1.26895e-311
36.7842 44.9141 1.29442e-311
36.589 45.0893 1.26895e-311
36.3948 45.2616 1.27108e-311
36.2017 45.4308 1.29654e-311
36.0098 45.597 1.27108e-311
35.819 45.76 1.24773e-311
35.6296 45.92 1.29866e-311
35.4415 46.0768 1.2732e-311
35.2547 46.2303 1.27532e-311
35.0695 46.3807 1.30078e-311
34.8857 46.5278 1.27532e-311
34.7034 46.6716 1.27744e-311
34.5228 46.8122 1.30291e-311
34.3439 46.9494 1.27744e-311
34.1667 47.0833 1.27956e-311
33.9912 47.2139 1.30503e-311
33.8176 47.3412 1.27956e-311
33.6459 47.4651 1.28169e-311
33.4761 47.5856 1.30715e-311
33.3083 47.7028 1.28169e-311
33.1425 47.8167 1.28381e-311
32.9788 47.9272 1.30927e-311
32.8173 48.0344 1.28381e-311
32.6579 48.1382 1.28593e-311
32.5008 48.2387 1.31139e-311
32.346 48.336 1.28593e-311
32.1935 48.4299 1.28805e-311
32.0434 48.5206 1.31352e-311
31.8957 48.6081 1.28805e-311
31.7504 48.6923 1.29017e-311
31.6077 48.7734 1.31564e-311
31.4675 48.8513 1.29017e-311
31.33 48.9261 1.2923e-311
31.1951 48.9978 1.31776e-311
31.0628 49.0665 1.2923e-311
30.9333 49.1321 1.29442e-311
30.8065 49.1948 1.31988e-311
30.6826 49.2546 1.29442e-311
30.5615 49.3115 1.29654e-311
30.4432 49.3655 1.322e-311
30.3279 49.4168 1.29654e-311
30.2155 49.4654 1.2732e-311
30.1061 49.5114 1.32413e-311
29.9997 49.5547 1.29866e-311
29.8964 49.5955 1.30078e-311
29.7961 49.6338 1.32625e-311
29.6989 49.6696 1.30078e-311
29.6049 49.7032 1.30291e-311
29.5141 49.7344 1.32837e-311
29.4264 49.7634 1.30291e-311
29.342 49.7903 1.30503e-311
29.2608 49.8151 1.33049e-311
29.1829 49.8379 1.30503e-311
29.1082 49.8588 1.30715e-311
29.0369 49.8778 1.33261e-311
28.9689 49.8951 1.30715e-311
28.9043 49.9107 1.30927e-311
28.8431 49.9247 1.33474e-311
28.7853 49.9371 1.30927e-311
28.7309 49.9481 1.31139e-311
28.6799 49.9578 1.33686e-311
28.6323 49.9662 1.31139e-311
28.5883 49.9734 1.31352e-311
28.5477 49.9795 1.33898e-311
28.5106 49.9846 1.31352e-311
28.477 49.9887 1.31564e-311
28.4469 49.9921 1.3411e-311
28.4203 49.9947 1.31564e-311
28.3972 49.9967 1.31776e-311
28.3777 49.9981 1.34322e-311
28.3618 49.999 1.31776e-311
28.3493 49.9996 1.31988e-311
28.3404 49.9999 1.34535e-311
28.3351 50 1.31988e-311
28.3333 50 1.322e-311
28.3351 50 1.34747e-311
28.3404 50.0001 1.322e-311
28.3493 50.0004 1.29866e-311
28.3618 50.001 1.34959e-311
28.3777 50.0019 1.32413e-311
28.3972 50.0033 1.32625e-311
28.4203 50.0053 1.35171e-311
28.4469 50.0079 1.32625e-311
28.477 50.0113 1.32837e-311
28.5106 50.0154 1.35383e-311
28.5477 50.0205 1.32837e-311
28.5883 50.0266 1.33049e-311
28.6323 50.0338 1.35596e-311
28.6799 50.0422 1.33049e-311
28.7309 50.0519 1.33261e-311
28.7853 50.0629 1.35808e-311
28.8431 50.0753 1.33261e-311
28.9043 50.0893 1.33474e-311
28.9689 50.1049 1.3602e-311
29.0369 50.1222 1.33474e-311
29.1082 50.1412 1.33686e-311
29.1829 50.1621 1.36232e-311
29.2608 50.1849 1.33686e-311
29.342 50.2097 1.33898e-311
29.4264 50.2366 1.36444e-311
29.5141 50.2656 1.33898e-311
29.6049 50.2968 1.3411e-311
29.6989 50.3304 1.36657e-311
29.7961 50.3662 1.3411e-311
29.8964 50.4045 1.34322e-311
29.9997 50.4453 1.36869e-311
30.1061 50.4886 1.34322e-311
30.2155 50.5346 1.34535e-311
30.3279 50.5832 1.37081e-311
30.4432 50.6345 1.34535e-311
30.5615 50.6885 1.34747e-311
30.6826 50.7454 1.37293e-311
30.8065 50.8052 1.34747e-311
30.9333 50.8679 1.32413e-311
31.0628 50.9335 1.37505e-311
31.1951 51.0022 1.34959e-311
31.33 51.0739 1.35171e-311
31.4675 51.1487 1.37718e-311
31.6077 51.2266 1.35171e-311
31.7504 51.3077 1.35383e-311
31.8957 51.3919 1.3793e-311
32.0434 51.4794 1.35383e-311
32.1935 51.5701 1.35596e-311
32.346 51.664 1.38142e-311
32.5008 51.7613 1.35596e-311
32.6579 51.8618 1.35808e-311
32.8173 51.9656 1.38354e-311
32.9788 52.0728 1.35808e-311
33.1425 52.1833 1.3602e-311
33.3083 52.2972 1.38566e-311
33.4761 52.4144 1.3602e-311
33.6459 52.5349 1.36232e-311
33.8176 52.6588 1.38779e-311
33.9912 52.7861 1.36232e-311
34.1667 52.9167 1.36444e-311
34.3439 53.0506 1.38991e-311
34.5228 53.1878 1.36444e-311
34.7034 53.3284 1.36657e-311
34.8857 53.4722 1.39203e-311
35.0695 53.6193 1.36657e-311
35.2547 53.7697 1.36869e-311
35.4415 53.9232 1.39415e-311
35.6296 54.08 1.36869e-311
35.819 54.24 1.37081e-311
36.0098 54.403 1.39627e-311
36.2017 54.5692 1.37081e-311
36.3948 54.7384 1.37293e-311
36.589 54.9107 1.3984e-311
36.7842 55.0859 1.37293e-311
36.9804 55.264 1.34959e-311
37.1776 55.4451 1.40052e-311
37.3756 55.6289 1.37505e-311
37.5744 55.8156 1.37718e-311
37.7739 56.0049 1.40264e-311
37.9741 56.197 1.37718e-311
38.1749 56.3916 1.3793e-311
38.3763 56.5888 1.40476e-311
38.5782 56.7884 1.3793e-311
38.7805 56.9905 1.38142e-311
38.9832 57.1949 1.40688e-311
39.1862 57.4016 1.38142e-311
39.3894 57.6105 1.38354e-311
39.5928 57.8215 1.40901e-311
39.7964 58.0346 1.38354e-311
40 58.2496 1.38566e-311
40.2036 58.4665 1.41113e-311
40.4072 58.6852 1.38566e-311
40.6106 58.9056 1.38779e-311
40.8138 59.1277 1.41325e-311
41.0168 59.3512 1.38779e-311
41.2195 59.5763 1.38991e-311
41.4218 59.8027 1.41537e-311
41.6237 60.0304 1.38991e-311
41.8251 60.2592 1.39203e-311
42.0259 60.4891 1.41749e-311
42.2261 60.72 1.39203e-311
42.4256 60.9518 1.39415e-311
42.6244 61.1843 1.41962e-311
42.8224 61.4176 1.39415e-311
43.0196 61.6514 1.39627e-311
43.2158 61.8856 1.42174e-311
43.411 62.1203 1.39627e-311
43.6052 62.3552 1.3984e-311
43.7983 62.5903 1.42386e-311
43.9902 62.8254 1.3984e-311
44.181 63.0604 1.37505e-311
44.3704 63.2953 1.42598e-311
44.5585 63.53 1.40052e-311
44.7453 63.7642 1.40264e-311
44.9305 63.9979 1.4281e-311
45.1143 64.2311 1.40264e-311
45.2966 64.4635 1.40476e-311
45.4772 64.6951 1.43023e-311
45.6561 64.9258 1.40476e-311
45.8333 65.1554 1.40688e-311
46.0088 65.3839 1.43235e-311
46.1824 65.6111 1.40688e-311
46.3541 65.837 1.40901e-311
46.5239 66.0613 1.43447e-311
46.6917 66.2841 1.40901e-311
46.8575 66.5051 1.41113e-311
47.0212 66.7244 1.43659e-311
47.1827 66.9417 1.41113e-311
47.3421 67.157 1.41325e-311
47.4992 67.3702 1.43871e-311
47.654 67.5811 1.41325e-311
47.8065 67.7896 1.41537e-311
47.9566 67.9958 1.44084e-311
48.1043 68.1993 1.41537e-311
48.2496 68.4002 1.41749e-311
48.3923 68.5983 1.44296e-311
48.5325 68.7936 1.41749e-311
48.67 68.9859 1.41962e-311
48.8049 69.1752 1.44508e-311
48.9372 69.3613 1.41962e-311
49.0667 69.5441 1.42174e-311
49.1935 69.7236 1.4472e-311
49.3174 69.8997 1.42174e-311
49.4385 70.0722 1.42386e-311
49.5568 70.2412 1.44932e-311
49.6721 70.4064 1.42386e-311
49.7845 70.5678 1.40052e-311
49.8939 70.7253 1.45145e-311
50.0003 70.8789 1.42598e-311
50.1036 71.0285 1.4281e-311
50.2039 71.1739 1.45357e-311
50.3011 71.3152 1.4281e-311
50.3951 71.4522 1.43023e-311
50.4859 71.5848 1.45569e-311
50.5736 71.7131 1.43023e-311
50.658 71.8368 1.43235e-311
50.7392 71.9561 1.45781e-311
50.8171 72.0707 1.43235e-311
50.8918 72.1807 1.43447e-311
50.9631 72.286 1.45993e-311
51.0311 72.3864 1.43447e-311
51.0957 72.4821 1.43659e-311
51.1569 72.5729 1.46206e-311
51.2147 72.6587 1.43659e-311
51.2691 72.7396 1.43871e-311
51.3201 72.8154 1.46418e-311
51.3677 72.8862 1.43871e-311
51.4117 72.952 1.44084e-311
51.4523 73.0125 1.4663e-311
51.4894 73.068 1.44084e-311
51.523 73.1182 1.44296e-311
51.5531 73.1632 1.46842e-311
51.5797 73.203 1.44296e-311
51.6028 73.2375 1.44508e-311
51.6223 73.2668 1.47054e-311
51.6382 73.2907 1.44508e-311
51.6507 73.3094 1.4472e-311
51.6596 73.3227 1.47267e-311
51.6649 73.3307 1.4472e-311
73.3333 -3.86081 1.44932e-311
73.3307 1.3099 1.47479e-311
73.3227 -0.652001 1.44932e-311
73.3094 -3.85299 1.42598e-311
73.2907 1.2917 1.47691e-311
73.2668 -0.683114 1.45145e-311
73.2375 -3.84515 1.45357e-311
73.203 1.27276 1.47903e-311
73.1632 -0.713775 1.45357e-311
73.1182 -3.83731 1.45569e-311
73.068 1.25307 1.48115e-311
73.0125 -0.743964 1.45569e-311
72.952 -3.82945 1.45781e-311
72.8862 1.23266 1.48328e-311
72.8154 -0.773659 1.45781e-311
72.7396 -3.82159 1.45993e-311
72.6587 0 1.4854e-311
72.5729 -0.802839 1.45993e-311
72.4821 0 1.46206e-311
72.3864 1.18965 1.48752e-311
72.286 -0.831483 1.46206e-311
72.1807 -3.80583 1.46418e-311
72.0707 1.16708 1.48964e-311
71.9561 -0.859572 1.46418e-311
71.8368 -3.79793 1.4663e-311
71.7131 1.14382 1.49176e-311
71.5848 -0.887086 1.4663e-311
71.4522 -3.79003 1.46842e-311
71.3152 1.11988 1.49389e-311
71.1739 -0.914006 1.46842e-311
71.0285 -3.78211 1.47054e-311
70.8789 1.09527 1.49601e-311
70.7253 -0.940314 1.47054e-311
70.5678 -3.77418 1.47267e-311
70.4064 1.07 1.49813e-311
70.2412 -0.965992 1.47267e-311
70.0722 -3.76625 1.47479e-311
69.8997 1.0441 1.50025e-311
69.7236 -0.991023 1.47479e-311
69.5441 -3.7583 1.45145e-311
69.3613 1.01758 1.50237e-311
69.1752 -1.01539 1.47691e-311
68.9859 -3.75034 1.47903e-311
68.7936 0.990454 1.5045e-311
68.5983 -1.03908 1.47903e-311
68.4002 -3.74237 1.48115e-311
68.1993 0.962745 1.50662e-311
67.9958 -1.06209 1.48115e-311
67.7896 -3.73439 1.48328e-311
67.5811 0.93447 1.50874e-311
67.3702 -1.08438 1.48328e-311
67.157 -3.7264 1.4854e-311
66.9417 0.90565 1.51086e-311
66.7244 -1.10597 1.4854e-311
66.5051 -3.7184 1.48752e-311
66.2841 0.876302 1.51298e-311
66.0613 -1.12682 1.48752e-311
65.837 -3.71039 1.48964e-311
65.6111 0.846448 1.5151e-311
65.3839 -1.14694 1.48964e-311
65.1554 -3.70237 1.49176e-311
64.9258 0.816108 1.51723e-311
64.6951 -1.16632 1.49176e-311
64.4635 -3.69434 1.49389e-311
64.2311 0.785302 1.51935e-311
63.9979 -1.18494 1.49389e-311
63.7642 -3.6863 1.49601e-311
63.53 0.753991 1.52147e-311
63.2953 -1.2027 1.49601e-311
63.0604 -3.67824 1.49813e-311
62.8254 0.722224 1.52359e-311
62.5903 -1.21962 1.49813e-311
62.3552 -3.67018 1.50025e-311
62.1203 0.690052 1.52571e-311
61.8856 -1.23575 1.50025e-311
61.6514 -3.6621 1.47691e-311
61.4176 0.657498 1.52784e-311
61.1843 -1.25109 1.50237e-311
60.9518 -3.65402 1.5045e-311
60.72 0.624583 1.52996e-311
60.4891 -1.26563 1.5045e-311
60.2592 -3.64592 1.50662e-311
60.0304 0.591326 1.53208e-311
59.8027 -1.27937 1.50662e-311
59.5763 -3.63781 1.50874e-311
59.3512 0.557679 1.5342e-311
59.1277 -1.29213 1.50874e-311
58.9056 -3.62969 1.51086e-311
58.6852 0.523714 1.53632e-311
58.4665 -1.30399 1.51086e-311
58.2496 -3.62156 1.51298e-311
58.0346 0.489477 1.53845e-311
57.8215 -1.31503 1.51298e-311
57.6105 -3.61342 1.5151e-311
57.4016 0.454989 1.54057e-311
57.1949 -1.32525 1.5151e-311
56.9905 -3.60527 1.51723e-311
56.7884 0.420269 1.54269e-311
56.5888 -1.33466 1.51723e-311
56.3916 -3.5971 1.51935e-311
56.197 0.385264 1.54481e-311
56.0049 -1.34293 1.51935e-311
55.8156 -3.58893 1.52147e-311
55.6289 0.350074 1.54693e-311
55.4451 -1.35035 1.52147e-311
55.264 -3.58074 1.52359e-311
55.0859 0.314723 1.54906e-311
54.9107 -1.35694 1.52359e-311
54.7384 -3.57254 1.52571e-311
54.5692 0.279229 1.55118e-311
54.403 -1.36271 1.52571e-311
54.24 -3.56433 1.50237e-311
54.08 0.243576 1.5533e-311
53.9232 -1.36739 1.52784e-311
53.7697 -3.55611 1.52996e-311
53.6193 0.207815 1.55542e-311
53.4722 -1.37111 1.52996e-311
53.3284 -3.54788 1.53208e-311
53.1878 0.171983 1.55754e-311
53.0506 -1.374 1.53208e-311
52.9167 -3.53963 1.5342e-311
52.7861 0.136094 1.55967e-311
52.6588 -1.37608 1.5342e-311
52.5349 -3.53138 1.53632e-311
52.4144 0.100157 1.56179e-311
52.2972 -1.377 1.53632e-311
52.1833 -3.52311 1.53845e-311
52.0728 0.0642157 1.56391e-311
51.9656 -1.37699 1.53845e-311
51.8618 -3.51483 1.54057e-311
51.7613 0.0282868 1.56603e-311
51.664 -1.37617 1.54057e-311
51.5701 -3.50654 1.54269e-311
51.4794 -0.00761579 1.56815e-311
51.3919 -1.37451 1.54269e-311
51.3077 -3.49824 1.54481e-311
51.2266 -0.0434336 1.57028e-311
51.1487 -1.3716 1.54481e-311
51.0739 -3.48992 1.54693e-311
51.0022 -0.0791705 1.5724e-311
50.9335 -1.36789 1.54693e-311
50.8679 -3.48159 1.54906e-311
50.8052 -0.114818 1.57452e-311
50.7454 -1.36339 1.54906e-311
50.6885 -3.47325 1.55118e-311
50.6345 -0.150307 1.57664e-311
50.5832 -1.35779 1.55118e-311
50.5346 -3.4649 1.52784e-311
50.4886 -0.18562 1.57876e-311
50.4453 -1.3512 1.5533e-311
50.4045 -3.45654 1.55542e-311
50.3662 -0.22078 1.58089e-311
50.3304 -1.34386 1.55542e-311
50.2968 -3.44816 1.55754e-311
50.2656 -0.255739 1.58301e-311
50.2366 -1.3356 1.55754e-311
50.2097 -3.43978 1.55967e-311
50.1849 -0.290397 1.58513e-311
50.1621 -1.32618 1.55967e-311
50.1412 -3.43138 1.56179e-311
50.1222 -0.324842 1.58725e-311
50.1049 -1.31604 1.56179e-311
50.0893 -3.42296 1.56391e-311
50.0753 -0.359056 1.58937e-311
50.0629 -1.30512 1.56391e-311
50.0519 -3.41454 1.56603e-311
50.0422 -0.392833 1.5915e-311
50.0338 -1.29293 1.56603e-311
50.0266 -3.4061 1.56815e-311
50.0205 -0.42634 1.59362e-311
50.0154 -1.28005 1.56815e-311
50.0113 -3.39765 1.57028e-311
50.0079 -0.459581 1.59574e-311
50.0053 -1.26648 1.57028e-311
50.0033 -3.38919 1.5724e-311
50.0019 -0.492264 1.59786e-311
50.001 -1.25163 1.5724e-311
50.0004 -3.38072 1.57452e-311
50.0001 -0.524619 1.59998e-311
50 -1.23609 1.57452e-311
50 -3.37223 1.57664e-311
50 -0.556658 1.60211e-311
49.9999 -1.21991 1.57664e-311
49.9996 -3.36373 1.5533e-311
49.999 -0.588038 1.60423e-311
49.9981 -1.20249 1.57876e-311
49.9967 -3.35522 1.58089e-311
49.9947 -0.619032 1.60635e-311
49.9921 -1.18441 1.58089e-311
49.9887 -3.34669 1.58301e-311
49.9846 -0.649667 1.60847e-311
49.9795 -1.16572 1.58301e-311
49.9734 -3.33816 1.58513e-311
49.9662 -0.679519 1.61059e-311
49.9578 -1.14581 1.58513e-311
49.9481 -3.3296 1.58725e-311
49.9371 -0.708954 1.61272e-311
49.9247 -1.12531 1.58725e-311
49.9107 -3.32104 1.58937e-311
49.8951 -0.737956 1.61484e-311
49.8778 -1.10419 1.58937e-311
49.8588 -3.31247 1.5915e-311
49.8379 -0.76609 1.61696e-311
49.8151 -1.08194 1.5915e-311
49.7903 -3.30387 1.59362e-311
49.7634 -0.793782 1.61908e-311
49.7344 -1.05915 1.59362e-311
49.7032 -3.29527 1.59574e-311
49.6696 -0.820917 1.6212e-311
49.6338 -1.03569 1.59574e-311
49.5955 -3.28666 1.59786e-311
49.5547 -0.847164 1.62333e-311
49.5114 -1.01126 1.59786e-311
49.4654 -3.27803 1.59998e-311
49.4168 -0.872941 1.62545e-311
49.3655 -0.986339 1.59998e-311
49.3115 -3.26938 1.60211e-311
49.2546 -0.89799 1.62757e-311
49.1948 -0.960682 1.60211e-311
49.1321 -3.26073 1.57876e-311
49.0665 -0.922186 1.62969e-311
48.9978 -0.934233 1.60423e-311
48.9261 -3.25206 1.60635e-311
48.8513 -0.945889 1.63181e-311
48.7734 -0.907342 1.60635e-311
48.6923 -3.24338 1.60847e-311
48.6081 -0.96864 1.63394e-311
48.5206 -0.879639 1.60847e-311
48.4299 -3.23468 1.61059e-311
48.336 -0.990638 1.63606e-311
48.2387 -0.85135 1.61059e-311
48.1382 -3.22597 1.61272e-311
48.0344 -1.01212 1.63818e-311
47.9272 -0.822663 1.61272e-311
47.8167 -3.21725 1.61484e-311
47.7028 -1.03237 1.6403e-311
47.5856 -0.793097 1.61484e-311
47.4651 -3.20851 1.61696e-311
47.3412 -1.05204 1.64242e-311
47.2139 -0.763152 1.61696e-311
47.0833 -3.19975 1.61908e-311
46.9494 -1.07097 1.64455e-311
46.8122 -0.732729 1.61908e-311
46.6716 -3.19099 1.6212e-311
46.5278 -1.08874 1.64667e-311
46.3807 -0.701626 1.6212e-311
46.2303 -3.18221 1.62333e-311
46.0768 -1.10596 1.64879e-311
45.92 -0.670219 1.62333e-311
45.76 -3.17342 1.62545e-311
45.597 -1.12211 1.65091e-311
45.4308 -0.638247 1.62545e-311
45.2616 -3.16461 1.62757e-311
45.0893 -1.13734 1.65303e-311
44.9141 -0.605839 1.62757e-311
44.736 -3.15579 1.60423e-311
44.5549 -1.15201 1.65516e-311
44.3711 -0.573168 1.62969e-311
44.1844 -3.14696 1.63181e-311
43.9951 -1.16522 1.65728e-311
43.803 -0.539886 1.63181e-311
43.6084 -3.1381 1.63394e-311
43.4112 -1.17782 1.6594e-311
43.2116 -0.506379 1.63394e-311
43.0095 -3.12924 1.63606e-311
42.8051 -1.18951 1.66152e-311
42.5984 -0.472537 1.63606e-311
42.3895 -3.12036 1.63818e-311
42.1785 -1.19999 1.66364e-311
41.9654 -0.438313 1.63818e-311
41.7504 -3.11146 1.6403e-311
41.5335 -1.20989 1.66577e-311
41.3148 -0.403917 1.6403e-311
41.0944 -3.10256 1.64242e-311
40.8723 -1.21843 1.66789e-311
40.6488 -0.369161 1.64242e-311
40.4237 -3.09363 1.64455e-311
40.1973 -1.22615 1.67001e-311
39.9696 -0.334224 1.64455e-311
39.7408 -3.0847 1.64667e-311
39.5109 -1.23308 1.67213e-311
39.28 -0.299117 1.64667e-311
39.0482 -3.07575 1.64879e-311
38.8157 -1.23858 1.67425e-311
38.5824 -0.263767 1.64879e-311
38.3486 -3.06678 1.65091e-311
38.1144 -1.2435 1.67638e-311
37.8797 -0.228335 1.65091e-311
37.6448 -3.0578 1.65303e-311
37.4097 -1.24713 1.6785e-311
37.1746 -0.192747 1.65303e-311
36.9396 -3.0488 1.62969e-311
36.7047 -1.2498 1.68062e-311
36.47 -0.157087 1.65516e-311
36.2358 -3.03979 1.65728e-311
36.0021 -1.25176 1.68274e-311
35.7689 -0.121374 1.65728e-311
35.5365 -3.03077 1.6594e-311
35.3049 -1.25216 1.68486e-311
35.0742 -0.0856187 1.6594e-311
34.8446 -3.02172 1.66152e-311
34.6161 -1.25199 1.68699e-311
34.3889 -0.0498684 1.66152e-311
34.163 -3.01267 1.66364e-311
33.9387 -1.25056 1.68911e-311
33.7159 -0.0141428 1.66364e-311
33.4949 -3.00359 1.66577e-311
33.2756 -1.24811 1.69123e-311
33.0583 0.0215133 1.66577e-311
32.843 -2.9945 1.66789e-311
32.6298 -1.24499 1.69335e-311
32.4189 0.057124 1.66789e-311
32.2104 -2.9854 1.67001e-311
32.0042 -1.24027 1.69547e-311
31.8007 0.0925498 1.67001e-311
31.5998 -2.97628 1.67213e-311
31.4017 -1.23499 1.6976e-311
31.2064 0.127888 1.67213e-311
31.0141 -2.96715 1.67425e-311
30.8248 -1.22847 1.69972e-311
30.6387 0.163022 1.67425e-311
30.4559 -2.958 1.67638e-311
30.2764 -1.22094 1.70184e-311
30.1003 0.197938 1.67638e-311
29.9278 -2.94883 1.6785e-311
29.7588 -1.21272 1.70396e-311
29.5936 0.232709 1.6785e-311
29.4322 -2.93965 1.65516e-311
29.2747 -1.20296 1.70608e-311
29.1211 0.267068 1.68062e-311
28.9715 -2.93045 1.68274e-311
28.8261 -1.19267 1.70821e-311
28.6848 0.301262 1.68274e-311
28.5478 -2.92124 1.68486e-311
28.4152 -1.18112 1.71033e-311
28.2869 0.335055 1.68486e-311
28.1632 -2.91201 1.68699e-311
28.0439 -1.16864 1.71245e-311
27.9293 0.368503 1.68699e-311
27.8193 -2.90276 1.68911e-311
27.714 -1.15545 1.71457e-311
27.6136 0.401683 1.68911e-311
27.5179 -2.8935 1.69123e-311
27.4271 -1.14083 1.71669e-311
27.3413 0.434249 1.69123e-311
27.2604 -2.88422 1.69335e-311
27.1846 -1.12572 1.71882e-311
27.1138 0.466581 1.69335e-311
27.048 -2.87492 1.69547e-311
26.9875 -1.10932 1.72094e-311
26.932 0.498285 1.69547e-311
26.8818 -2.86561 1.6976e-311
26.8368 -1.09214 1.72306e-311
26.797 0.529553 1.6976e-311
26.7625 -2.85628 1.69972e-311
26.7332 -1.0742 1.72518e-311
26.7093 0.560398 1.69972e-311
26.6906 -2.84694 1.70184e-311
26.6773 -1.05502 1.7273e-311
26.6693 0.590474 1.70184e-311
26.6667 -2.83757 1.70396e-311
26.6693 -1.03538 1.72943e-311
26.6773 0.62025 1.70396e-311
26.6906 -2.8282 1.68062e-311
26.7093 -1.01445 1.73155e-311
26.7332 0.649137 1.70608e-311
26.7625 -2.8188 1.70821e-311
26.797 -0.99291 1.73367e-311
26.8368 0.677549 1.70821e-311
26.8818 -2.80938 1.71033e-311
26.932 -0.970564 1.73579e-311
26.9875 0.705341 1.71033e-311
27.048 -2.79995 1.71245e-311
27.1138 -0.947205 1.73791e-311
27.1846 0.732268 1.71245e-311
27.2604 -2.7905 1.71457e-311
27.3413 -0.923431 1.74004e-311
27.4271 0.758836 1.71457e-311
27.5179 -2.78104 1.71669e-311
27.6136 -0.898402 1.74216e-311
27.714 0.784217 1.71669e-311
27.8193 -2.77156 1.71882e-311
27.9293 -0.872938 1.74428e-311
28.0439 0.809142 1.71882e-311
28.1632 -2.76206 1.72094e-311
28.2869 -0.846656 1.7464e-311
28.4152 0.833212 1.72094e-311
28.5478 -2.75254 1.72306e-311
28.6848 -0.819602 1.74852e-311
28.8261 0.856385 1.72306e-311
28.9715 -2.743 1.72518e-311
29.1211 -0.792132 1.75065e-311
29.2747 0.879077 1.72518e-311
29.4322 -2.73345 1.7273e-311
29.5936 -0.763596 1.75277e-311
29.7588 0.900396 1.7273e-311
29.9278 -2.72388 1.72943e-311
30.1003 -0.73474 1.75489e-311
30.2764 0.921263 1.72943e-311
30.4559 -2.71429 1.70608e-311
30.6387 0 1.75701e-311
30.8248 1.22227e-311 1.73155e-311
31.0141 0 1.73367e-311
31.2064 1.24986e-311 1.75913e-311
31.4017 1.22439e-311 1.73367e-311
31.5998 1.22651e-311 1.73579e-311
31.8007 1.25198e-311 1.76126e-311
32.0042 1.22651e-311 1.73579e-311
32.2104 1.22864e-311 1.73791e-311
32.4189 1.2541e-311 1.76338e-311
32.6298 1.22864e-311 1.73791e-311
32.843 1.23076e-311 1.74004e-311
33.0583 1.25622e-311 1.7655e-311
33.2756 1.23076e-311 1.74004e-311
33.4949 1.23288e-311 1.74216e-311
33.7159 1.25834e-311 1.76762e-311
33.9387 1.23288e-311 1.74216e-311
34.163 1.235e-311 1.74428e-311
34.3889 1.26047e-311 1.76974e-311
34.6161 1.235e-311 1.74428e-311
34.8446 1.23712e-311 1.7464e-311
35.0742 1.26259e-311 1.77187e-311
35.3049 1.23712e-311 1.7464e-311
35.5365 1.23925e-311 1.74852e-311
35.7689 1.26471e-311 1.77399e-311
36.0021 1.23925e-311 1.74852e-311
36.2358 1.24137e-311 1.75065e-311
36.47 1.26683e-311 1.77611e-311
36.7047 1.24137e-311 1.75065e-311
36.9396 1.24349e-311 1.75277e-311
37.1746 1.26895e-311 1.77823e-311
37.4097 1.24349e-311 1.75277e-311
37.6448 1.24561e-311 1.75489e-311
37.8797 1.27108e-311 1.78035e-311
38.1144 1.24561e-311 1.75489e-311
38.3486 1.22227e-311 1.73155e-311
38.5824 1.2732e-311 1.78248e-311
38.8157 1.24773e-311 1.75701e-311
39.0482 1.24986e-311 1.75913e-311
39.28 1.27532e-311 1.7846e-311
39.5109 1.24986e-311 1.75913e-311
39.7408 1.25198e-311 1.76126e-311
39.9696 1.27744e-311 1.78672e-311
40.1973 1.25198e-311 1.76126e-311
40.4237 1.2541e-311 1.76338e-311
40.6488 1.27956e-311 1.78884e-311
40.8723 1.2541e-311 1.76338e-311
41.0944 1.25622e-311 1.7655e-311
41.3148 1.28169e-311 1.79096e-311
41.5335 1.25622e-311 1.7655e-311
41.7504 1.25834e-311 1.76762e-311
41.9654 1.28381e-311 1.79309e-311
42.1785 1.25834e-311 1.76762e-311
42.3895 1.26047e-311 1.76974e-311
42.5984 1.28593e-311 1.79521e-311
42.8051 1.26047e-311 1.76974e-311
43.0095 1.26259e-311 1.77187e-311
43.2116 1.28805e-311 1.79733e-311
43.4112 1.26259e-311 1.77187e-311
43.6084 1.26471e-311 1.77399e-311
43.803 1.29017e-311 1.79945e-311
43.9951 1.26471e-311 1.77399e-311
44.1844 1.26683e-311 1.77611e-311
44.3711 1.2923e-311 1.80157e-311
44.5549 1.26683e-311 1.77611e-311
44.736 1.26895e-311 1.77823e-311
44.9141 1.29442e-311 1.8037e-311
45.0893 1.26895e-311 1.77823e-311
45.2616 1.27108e-311 1.78035e-311
45.4308 1.29654e-311 1.80582e-311
45.597 1.27108e-311 1.78035e-311
45.76 1.24773e-311 1.75701e-311
45.92 1.29866e-311 1.80794e-311
46.0768 1.2732e-311 1.78248e-311
46.2303 1.27532e-311 1.7846e-311
46.3807 1.30078e-311 1.81006e-311
46.5278 1.27532e-311 1.7846e-311
46.6716 1.27744e-311 1.78672e-311
46.8122 1.30291e-311 1.81218e-311
46.9494 1.27744e-311 1.78672e-311
47.0833 1.27956e-311 1.78884e-311
47.2139 1.30503e-311 1.81431e-311
47.3412 1.27956e-311 1.78884e-311
47.4651 1.28169e-311 1.79096e-311
47.5856 1.30715e-311 1.81643e-311
47.7028 1.28169e-311 1.79096e-311
47.8167 1.28381e-311 1.79309e-311
47.9272 1.30927e-311 1.81855e-311
48.0344 1.28381e-311 1.79309e-311
48.1382 1.28593e-311 1.79521e-311
48.2387 1.31139e-311 1.82067e-311
48.336 1.28593e-311 1.79521e-311
48.4299 1.28805e-311 1.79733e-311
48.5206 1.31352e-311 1.82279e-311
48.6081 1.28805e-311 1.79733e-311
48.6923 1.29017e-311 1.79945e-311
48.7734 1.31564e-311 1.82492e-311
48.8513 1.29017e-311 1.79945e-311
48.9261 1.2923e-311 1.80157e-311
48.9978 1.31776e-311 1.82704e-311
49.0665 1.2923e-311 1.80157e-311
49.1321 1.29442e-311 1.8037e-311
49.1948 1.31988e-311 1.82916e-311
49.2546 1.29442e-311 1.8037e-311
49.3115 1.29654e-311 1.80582e-311
49.3655 1.322e-311 1.83128e-311
49.4168 1.29654e-311 1.80582e-311
49.4654 1.2732e-311 1.78248e-311
49.5114 1.32413e-311 1.8334e-311
49.5547 1.29866e-311 1.80794e-311
49.5955 1.30078e-311 1.81006e-311
49.6338 1.32625e-311 1.83553e-311
49.6696 1.30078e-311 1.81006e-311
49.7032 1.30291e-311 1.81218e-311
49.7344 1.32837e-311 1.83765e-311
49.7634 1.30291e-311 1.81218e-311
49.7903 1.30503e-311 1.81431e-311
49.8151 1.33049e-311 1.83977e-311
49.8379 1.30503e-311 1.81431e-311
49.8588 1.30715e-311 1.81643e-311
49.8778 1.33261e-311 1.84189e-311
49.8951 1.30715e-311 1.81643e-311
49.9107 1.30927e-311 1.81855e-311
49.9247 1.33474e-311 1.84401e-311
49.9371 1.30927e-311 1.81855e-311
49.9481 1.31139e-311 1.82067e-311
49.9578 1.33686e-311 1.84614e-311
49.9662 1.31139e-311 1.82067e-311
49.9734 1.31352e-311 1.82279e-311
49.9795 1.33898e-311 1.84826e-311
49.9846 1.31352e-311 1.82279e-311
49.9887 1.31564e-311 1.82492e-311
49.9921 1.3411e-311 1.85038e-311
49.9947 1.31564e-311 1.82492e-311
49.9967 1.31776e-311 1.82704e-311
49.9981 1.34322e-311 1.8525e-311
49.999 1.31776e-311 1.82704e-311
49.9996 1.31988e-311 1.82916e-311
49.9999 1.34535e-311 1.85462e-311
50 1.31988e-311 1.82916e-311
50 1.322e-311 1.83128e-311
50 1.34747e-311 1.85675e-311
50.0001 1.322e-311 1.83128e-311
50.0004 1.29866e-311 1.80794e-311
50.001 1.34959e-311 1.85887e-311
50.0019 1.32413e-311 1.8334e-311
50.0033 1.32625e-311 1.83553e-311
50.0053 1.35171e-311 1.86099e-311
50.0079 1.32625e-311 1.83553e-311
50.0113 1.32837e-311 1.83765e-311
50.0154 1.35383e-311 1.86311e-311
50.0205 1.32837e-311 1.83765e-311
50.0266 1.33049e-311 1.83977e-311
50.0338 1.35596e-311 1.86523e-311
50.0422 1.33049e-311 1.83977e-311
50.0519 1.33261e-311 1.84189e-311
50.0629 1.35808e-311 1.86736e-311
50.0753 1.33261e-311 1.84189e-311
50.0893 1.33474e-311 1.84401e-311
50.1049 1.3602e-311 1.86948e-311
50.1222 1.33474e-311 1.84401e-311
50.1412 1.33686e-311 1.84614e-311
50.1621 1.36232e-311 1.8716e-311
50.1849 1.33686e-311 1.84614e-311
50.2097 1.33898e-311 1.84826e-311
50.2366 1.36444e-311 1.87372e-311
50.2656 1.33898e-311 1.84826e-311
50.2968 1.3411e-311 1.85038e-311
50.3304 1.36657e-311 1.87584e-311
50.3662 1.3411e-311 1.85038e-311
50.4045 1.34322e-311 1.8525e-311
50.4453 1.36869e-311 1.87797e-311
50.4886 1.34322e-311 1.8525e-311
50.5346 1.34535e-311 1.85462e-311
50.5832 1.37081e-311 1.88009e-311
50.6345 1.34535e-311 1.85462e-311
50.6885 1.34747e-311 1.85675e-311
50.7454 1.37293e-311 1.88221e-311
50.8052 1.34747e-311 1.85675e-311
50.8679 1.32413e-311 1.8334e-311
50.9335 1.37505e-311 1.88433e-311
51.0022 1.34959e-311 1.85887e-311
51.0739 1.35171e-311 1.86099e-311
51.1487 1.37718e-311 1.88645e-311
51.2266 1.35171e-311 1.86099e-311
51.3077 1.35383e-311 1.86311e-311
51.3919 1.3793e-311 1.88858e-311
51.4794 1.35383e-311 1.86311e-311
51.5701 1.35596e-311 1.86523e-311
51.664 1.38142e-311 1.8907e-311
51.7613 1.35596e-311 1.86523e-311
51.8618 1.35808e-311 1.86736e-311
51.9656 1.38354e-311 1.89282e-311
52.0728 1.35808e-311 1.86736e-311
52.1833 1.3602e-311 1.86948e-311
52.2972 1.38566e-311 1.89494e-311
52.4144 1.3602e-311 1.86948e-311
52.5349 1.36232e-311 1.8716e-311
52.6588 1.38779e-311 1.89706e-311
52.7861 1.36232e-311 1.8716e-311
52.9167 1.36444e-311 1.87372e-311
53.0506 1.38991e-311 1.89919e-311
53.1878 1.36444e-311 1.87372e-311
53.3284 1.36657e-311 1.87584e-311
53.4722 1.39203e-311 1.90131e-311
53.6193 1.36657e-311 1.87584e-311
53.7697 1.36869e-311 1.87797e-311
53.9232 1.39415e-311 1.90343e-311
54.08 1.36869e-311 1.87797e-311
54.24 1.37081e-311 1.88009e-311
54.403 1.39627e-311 1.90555e-311
54.5692 1.37081e-311 1.88009e-311
54.7384 1.37293e-311 1.88221e-311
54.9107 1.3984e-311 1.90767e-311
55.0859 1.37293e-311 1.88221e-311
55.264 1.34959e-311 1.85887e-311
55.4451 1.40052e-311 1.9098e-311
55.6289 1.37505e-311 1.88433e-311
55.8156 1.37718e-311 1.88645e-311
56.0049 1.40264e-311 1.91192e-311
56.197 1.37718e-311 1.88645e-311
56.3916 1.3793e-311 1.88858e-311
56.5888 1.40476e-311 1.91404e-311
56.7884 1.3793e-311 1.88858e-311
56.9905 1.38142e-311 1.8907e-311
57.1949 1.40688e-311 1.91616e-311
57.4016 1.38142e-311 1.8907e-311
57.6105 1.38354e-311 1.89282e-311
57.8215 1.40901e-311 1.91828e-311
58.0346 1.38354e-311 1.89282e-311
58.2496 1.38566e-311 1.89494e-311
58.4665 1.41113e-311 1.92041e-311
58.6852 1.38566e-311 1.89494e-311
58.9056 1.38779e-311 1.89706e-311
59.1277 1.41325e-311 1.92253e-311
59.3512 1.38779e-311 1.89706e-311
59.5763 1.38991e-311 1.89919e-311
59.8027 1.41537e-311 1.92465e-311
60.0304 1.38991e-311 1.89919e-311
60.2592 1.39203e-311 1.90131e-311
60.4891 1.41749e-311 1.92677e-311
60.72 1.39203e-311 1.90131e-311
60.9518 1.39415e-311 1.90343e-311
61.1843 1.41962e-311 1.92889e-311
61.4176 1.39415e-311 1.90343e-311
61.6514 1.39627e-311 1.90555e-311
61.8856 1.42174e-311 1.93102e-311
62.1203 1.39627e-311 1.90555e-311
62.3552 1.3984e-311 1.90767e-311
62.5903 1.42386e-311 1.93314e-311
62.8254 1.3984e-311 1.90767e-311
63.0604 1.37505e-311 1.88433e-311
63.2953 1.42598e-311 1.93526e-311
63.53 1.40052e-311 1.9098e-311
63.7642 1.40264e-311 1.91192e-311
63.9979 1.4281e-311 1.93738e-311
64.2311 1.40264e-311 1.91192e-311
64.4635 1.40476e-311 1.91404e-311
64.6951 1.43023e-311 1.9395e-311
64.9258 1.40476e-311 1.91404e-311
65.1554 1.40688e-311 1.91616e-311
65.3839 1.43235e-311 1.94163e-311
65.6111 1.40688e-311 1.91616e-311
65.837 1.40901e-311 1.91828e-311
66.0613 1.43447e-311 1.94375e-311
66.2841 1.40901e-311 1.91828e-311
66.5051 1.41113e-311 1.92041e-311
66.7244 1.43659e-311 1.94587e-311
66.9417 1.41113e-311 1.92041e-311
67.157 1.41325e-311 1.92253e-311
67.3702 1.43871e-311 1.94799e-311
67.5811 1.41325e-311 1.92253e-311
67.7896 1.41537e-311 1.92465e-311
67.9958 1.44084e-311 1.95011e-311
68.1993 1.41537e-311 1.92465e-311
68.4002 1.41749e-311 1.92677e-311
68.5983 1.44296e-311 1.95224e-311
68.7936 1.41749e-311 1.92677e-311
68.9859 1.41962e-311 1.92889e-311
69.1752 1.44508e-311 1.95436e-311
69.3613 1.41962e-311 1.92889e-311
69.5441 1.42174e-311 1.93102e-311
69.7236 1.4472e-311 1.95648e-311
69.8997 1.42174e-311 1.93102e-311
70.0722 1.42386e-311 1.93314e-311
70.2412 1.44932e-311 1.9586e-311
70.4064 1.42386e-311 1.93314e-311
70.5678 1.40052e-311 1.9098e-311
70.7253 1.45145e-311 1.96072e-311
70.8789 1.42598e-311 1.93526e-311
71.0285 1.4281e-311 1.93738e-311
71.1739 1.45357e-311 1.96285e-311
71.3152 1.4281e-311 1.93738e-311
71.4522 1.43023e-311 1.9395e-311
71.5848 1.45569e-311 1.96497e-311
71.7131 1.43023e-311 1.9395e-311
71.8368 1.43235e-311 1.94163e-311
71.9561 1.45781e-311 1.96709e-311
72.0707 1.43235e-311 1.94163e-311
72.1807 1.43447e-311 1.94375e-311
72.286 1.45993e-311 1.96921e-311
72.3864 1.43447e-311 1.94375e-311
72.4821 1.43659e-311 1.94587e-311
72.5729 1.46206e-311 1.97133e-311
72.6587 1.43659e-311 1.94587e-311
72.7396 1.43871e-311 1.94799e-311
72.8154 1.46418e-311 1.97346e-311
72.8862 1.43871e-311 1.94799e-311
72.952 1.44084e-311 1.95011e-311
73.0125 1.4663e-311 1.97558e-311
73.068 1.44084e-311 1.95011e-311
73.1182 1.44296e-311 1.95224e-311
73.1632 1.46842e-311 1.9777e-311
73.203 1.44296e-311 1.95224e-311
73.2375 1.44508e-311 1.95436e-311
73.2668 1.47054e-311 1.97982e-311
73.2907 1.44508e-311 1.95436e-311
73.3094 1.4472e-311 1.95648e-311
73.3227 1.47267e-311 1.98194e-311
73.3307 1.4472e-311 1.95648e-311
