720
-126.667 40 61.6667
-126.668 40.2036 61.6649
-126.67 40.4072 61.6596
-126.675 40.6108 61.6507
-126.681 40.8143 61.6382
-126.689 41.0178 61.6223
-126.699 41.2212 61.6028
-126.71 41.4245 61.5797
-126.724 41.6277 61.5531
-126.739 41.8307 61.523
-126.755 42.0336 61.4894
-126.774 42.2364 61.4523
-126.794 42.439 61.4117
-126.817 42.6414 61.3677
-126.841 42.8436 61.3201
-126.866 43.0456 61.2691
-126.894 43.2474 61.2147
-126.923 43.4489 61.1569
-126.954 43.6501 61.0957
-126.987 43.8511 61.0311
-127.021 44.0518 60.9631
-127.057 44.2522 60.8918
-127.095 44.4522 60.8171
-127.135 44.6519 60.7392
-127.177 44.8513 60.658
-127.22 45.0503 60.5736
-127.265 45.2489 60.4859
-127.311 45.4471 60.3951
-127.36 45.6448 60.3011
-127.41 45.8422 60.2039
-127.462 46.0391 60.1036
-127.515 46.2356 60.0003
-127.571 46.4315 59.8939
-127.628 46.627 59.7845
-127.686 46.822 59.6721
-127.747 47.0165 59.5568
-127.809 47.2104 59.4385
-127.872 47.4038 59.3174
-127.938 47.5966 59.1935
-128.005 47.7888 59.0667
-128.074 47.9805 58.9372
-128.144 48.1715 58.8049
-128.216 48.3619 58.67
-128.29 48.5517 58.5325
-128.366 48.7408 58.3923
-128.443 48.9293 58.2496
-128.522 49.1171 58.1043
-128.602 49.3041 57.9566
-128.684 49.4905 57.8065
-128.768 49.6762 57.654
-128.853 49.8611 57.4992
-128.94 50.0453 57.3421
-129.028 50.2287 57.1827
-129.118 50.4113 57.0212
-129.21 50.5931 56.8575
-129.303 50.7741 56.6917
-129.398 50.9543 56.5239
-129.494 51.1337 56.3541
-129.592 51.3122 56.1824
-129.692 51.4899 56.0088
-129.793 51.6667 55.8333
-129.895 51.8426 55.6561
-129.999 52.0176 55.4772
-130.105 52.1916 55.2966
-130.212 52.3648 55.1143
-130.321 52.537 54.9305
-130.431 52.7082 54.7453
-130.543 52.8785 54.5585
-130.656 53.0478 54.3704
-130.77 53.2161 54.181
-130.886 53.3835 53.9902
-131.004 53.5497 53.7983
-131.123 53.715 53.6052
-131.243 53.8792 53.411
-131.365 54.0424 53.2158
-131.488 54.2044 53.0196
-131.613 54.3654 52.8224
-131.739 54.5253 52.6244
-131.867 54.6841 52.4256
-131.995 54.8418 52.2261
-132.126 54.9984 52.0259
-132.257 55.1538 51.8251
-132.39 55.308 51.6237
-132.524 55.4611 51.4218
-132.66 55.613 51.2195
-132.797 55.7638 51.0168
-132.935 55.9133 50.8138
-133.075 56.0616 50.6106
-133.215 56.2087 50.4072
-133.357 56.3545 50.2036
-133.501 56.4992 50
-133.645 56.6425 49.7964
-133.791 56.7846 49.5928
-133.938 56.9254 49.3894
-134.087 57.0649 49.1862
-134.236 57.2031 48.9832
-134.387 57.34 48.7805
-134.539 57.4756 48.5782
-134.692 57.6099 48.3763
-134.846 57.7428 48.1749
-135.002 57.8744 47.9741
-135.158 58.0046 47.7739
-135.316 58.1334 47.5744
-135.475 58.2609 47.3756
-135.635 58.3869 47.1776
-135.796 58.5116 46.9804
-135.958 58.6348 46.7842
-136.121 58.7567 46.589
-136.285 58.8771 46.3948
-136.45 58.996 46.2017
-136.617 59.1135 46.0098
-136.784 59.2296 45.819
-136.952 59.3442 45.6296
-137.121 59.4573 45.4415
-137.292 59.569 45.2547
-137.463 59.6791 45.0695
-137.635 59.7878 44.8857
-137.808 59.8949 44.7034
-137.982 60.0006 44.5228
-138.157 60.1047 44.3439
-138.333 60.2073 44.1667
-138.51 60.3083 43.9912
-138.688 60.4078 43.8176
-138.866 60.5057 43.6459
-139.046 60.6021 43.4761
-139.226 60.6969 43.3083
-139.407 60.7902 43.1425
-139.589 60.8818 42.9788
-139.771 60.9719 42.8173
-139.955 61.0603 42.6579
-140.139 61.1472 42.5008
-140.324 61.2324 42.346
-140.509 61.3161 42.1935
-140.696 61.3981 42.0434
-140.883 61.4784 41.8957
-141.071 61.5572 41.7504
-141.259 61.6343 41.6077
-141.448 61.7097 41.4675
-141.638 61.7835 41.33
-141.828 61.8557 41.1951
-142.02 61.9262 41.0628
-142.211 61.995 40.9333
-142.403 62.0621 40.8065
-142.596 62.1276 40.6826
-142.79 62.1913 40.5615
-142.984 62.2534 40.4432
-143.178 62.3138 40.3279
-143.373 62.3725 40.2155
-143.568 62.4294 40.1061
-143.764 62.4847 39.9997
-143.961 62.5383 39.8964
-144.158 62.5901 39.7961
-144.355 62.6402 39.6989
-144.553 62.6886 39.6049
-144.751 62.7353 39.5141
-144.95 62.7802 39.4264
-145.149 62.8234 39.342
-145.348 62.8649 39.2608
-145.548 62.9046 39.1829
-145.748 62.9426 39.1082
-145.948 62.9788 39.0369
-146.149 63.0133 38.9689
-146.35 63.0461 38.9043
-146.551 63.077 38.8431
-146.753 63.1063 38.7853
-146.954 63.1337 38.7309
-147.156 63.1594 38.6799
-147.359 63.1833 38.6323
-147.561 63.2055 38.5883
-147.764 63.2259 38.5477
-147.966 63.2445 38.5106
-148.169 63.2614 38.477
-148.372 63.2765 38.4469
-148.576 63.2898 38.4203
-148.779 63.3014 38.3972
-148.982 63.3111 38.3777
-149.186 63.3191 38.3618
-149.389 63.3253 38.3493
-149.593 63.3298 38.3404
-149.796 63.3324 38.3351
-150 63.3333 38.3333
-150.204 63.3324 38.3351
-150.407 63.3298 38.3404
-150.611 63.3253 38.3493
-150.814 63.3191 38.3618
-151.018 63.3111 38.3777
-151.221 63.3014 38.3972
-151.424 63.2898 38.4203
-151.628 63.2765 38.4469
-151.831 63.2614 38.477
-152.034 63.2445 38.5106
-152.236 63.2259 38.5477
-152.439 63.2055 38.5883
-152.641 63.1833 38.6323
-152.844 63.1594 38.6799
-153.046 63.1337 38.7309
-153.247 63.1063 38.7853
-153.449 63.077 38.8431
-153.65 63.0461 38.9043
-153.851 63.0133 38.9689
-154.052 62.9788 39.0369
-154.252 62.9426 39.1082
-154.452 62.9046 39.1829
-154.652 62.8649 39.2608
-154.851 62.8234 39.342
-155.05 62.7802 39.4264
-155.249 62.7353 39.5141
-155.447 62.6886 39.6049
-155.645 62.6402 39.6989
-155.842 62.5901 39.7961
-156.039 62.5383 39.8964
-156.236 62.4847 39.9997
-156.432 62.4294 40.1061
-156.627 62.3725 40.2155
-156.822 62.3138 40.3279
-157.016 62.2534 40.4432
-157.21 62.1913 40.5615
-157.404 62.1276 40.6826
-157.597 62.0621 40.8065
-157.789 61.995 40.9333
-157.98 61.9262 41.0628
-158.172 61.8557 41.1951
-158.362 61.7835 41.33
-158.552 61.7097 41.4675
-158.741 61.6343 41.6077
-158.929 61.5572 41.7504
-159.117 61.4784 41.8957
-159.304 61.3981 42.0434
-159.491 61.3161 42.1935
-159.676 61.2324 42.346
-159.861 61.1472 42.5008
-160.045 61.0603 42.6579
-160.229 60.9719 42.8173
-160.411 60.8818 42.9788
-160.593 60.7902 43.1425
-160.774 60.6969 43.3083
-160.954 60.6021 43.4761
-161.134 60.5057 43.6459
-161.312 60.4078 43.8176
-161.49 60.3083 43.9912
-161.667 60.2073 44.1667
-161.843 60.1047 44.3439
-162.018 60.0006 44.5228
-162.192 59.8949 44.7034
-162.365 59.7878 44.8857
-162.537 59.6791 45.0695
-162.708 59.569 45.2547
-162.879 59.4573 45.4415
-163.048 59.3442 45.6296
-163.216 59.2296 45.819
-163.383 59.1135 46.0098
-163.55 58.996 46.2017
-163.715 58.8771 46.3948
-163.879 58.7567 46.589
-164.042 58.6348 46.7842
-164.204 58.5116 46.9804
-164.365 58.3869 47.1776
-164.525 58.2609 47.3756
-164.684 58.1334 47.5744
-164.842 58.0046 47.7739
-164.998 57.8744 47.9741
-165.154 57.7428 48.1749
-165.308 57.6099 48.3763
-165.461 57.4756 48.5782
-165.613 57.34 48.7805
-165.764 57.2031 48.9832
-165.913 57.0649 49.1862
-166.062 56.9254 49.3894
-166.209 56.7846 49.5928
-166.355 56.6425 49.7964
-166.499 56.4992 50
-166.643 56.3545 50.2036
-166.785 56.2087 50.4072
-166.925 56.0616 50.6106
-167.065 55.9133 50.8138
-167.203 55.7638 51.0168
-167.34 55.613 51.2195
-167.476 55.4611 51.4218
-167.61 55.308 51.6237
-167.743 55.1538 51.8251
-167.874 54.9984 52.0259
-168.005 54.8418 52.2261
-168.133 54.6841 52.4256
-168.261 54.5253 52.6244
-168.387 54.3654 52.8224
-168.512 54.2044 53.0196
-168.635 54.0424 53.2158
-168.757 53.8792 53.411
-168.877 53.715 53.6052
-168.996 53.5497 53.7983
-169.114 53.3835 53.9902
-169.23 53.2161 54.181
-169.344 53.0478 54.3704
-169.457 52.8785 54.5585
-169.569 52.7082 54.7453
-169.679 52.537 54.9305
-169.788 52.3648 55.1143
-169.895 52.1916 55.2966
-170.001 52.0176 55.4772
-170.105 51.8426 55.6561
-170.207 51.6667 55.8333
-170.308 51.4899 56.0088
-170.408 51.3122 56.1824
-170.506 51.1337 56.3541
-170.602 50.9543 56.5239
-170.697 50.7741 56.6917
-170.79 50.5931 56.8575
-170.882 50.4113 57.0212
-170.972 50.2287 57.1827
-171.06 50.0453 57.3421
-171.147 49.8611 57.4992
-171.232 49.6762 57.654
-171.316 49.4905 57.8065
-171.398 49.3041 57.9566
-171.478 49.1171 58.1043
-171.557 48.9293 58.2496
-171.634 48.7408 58.3923
-171.71 48.5517 58.5325
-171.784 48.3619 58.67
-171.856 48.1715 58.8049
-171.926 47.9805 58.9372
-171.995 47.7888 59.0667
-172.062 47.5966 59.1935
-172.128 47.4038 59.3174
-172.191 47.2104 59.4385
-172.253 47.0165 59.5568
-172.314 46.822 59.6721
-172.372 46.627 59.7845
-172.429 46.4315 59.8939
-172.485 46.2356 60.0003
-172.538 46.0391 60.1036
-172.59 45.8422 60.2039
-172.64 45.6448 60.3011
-172.689 45.4471 60.3951
-172.735 45.2489 60.4859
-172.78 45.0503 60.5736
-172.823 44.8513 60.658
-172.865 44.6519 60.7392
-172.905 44.4522 60.8171
-172.943 44.2522 60.8918
-172.979 44.0518 60.9631
-173.013 43.8511 61.0311
-173.046 43.6501 61.0957
-173.077 43.4489 61.1569
-173.106 43.2474 61.2147
-173.134 43.0456 61.2691
-173.159 42.8436 61.3201
-173.183 42.6414 61.3677
-173.206 42.439 61.4117
-173.226 42.2364 61.4523
-173.245 42.0336 61.4894
-173.261 41.8307 61.523
-173.276 41.6277 61.5531
-173.29 41.4245 61.5797
-173.301 41.2212 61.6028
-173.311 41.0178 61.6223
-173.319 40.8143 61.6382
-173.325 40.6108 61.6507
-173.33 40.4072 61.6596
-173.332 40.2036 61.6649
-173.333 40 61.6667
-173.332 39.7964 61.6649
-173.33 39.5928 61.6596
-173.325 39.3892 61.6507
-173.319 39.1857 61.6382
-173.311 38.9822 61.6223
-173.301 38.7788 61.6028
-173.29 38.5755 61.5797
-173.276 38.3723 61.5531
-173.261 38.1693 61.523
-173.245 37.9664 61.4894
-173.226 37.7636 61.4523
-173.206 37.561 61.4117
-173.183 37.3586 61.3677
-173.159 37.1564 61.3201
-173.134 36.9544 61.2691
-173.106 36.7526 61.2147
-173.077 36.5511 61.1569
-173.046 36.3499 61.0957
-173.013 36.1489 61.0311
-172.979 35.9482 60.9631
-172.943 35.7478 60.8918
-172.905 35.5478 60.8171
-172.865 35.3481 60.7392
-172.823 35.1487 60.658
-172.78 34.9497 60.5736
-172.735 34.7511 60.4859
-172.689 34.5529 60.3951
-172.64 34.3552 60.3011
-172.59 34.1578 60.2039
-172.538 33.9609 60.1036
-172.485 33.7644 60.0003
-172.429 33.5685 59.8939
-172.372 33.373 59.7845
-172.314 33.178 59.6721
-172.253 32.9835 59.5568
-172.191 32.7896 59.4385
-172.128 32.5962 59.3174
-172.062 32.4034 59.1935
-171.995 32.2112 59.0667
-171.926 32.0195 58.9372
-171.856 31.8285 58.8049
-171.784 31.6381 58.67
-171.71 31.4483 58.5325
-171.634 31.2592 58.3923
-171.557 31.0707 58.2496
-171.478 30.8829 58.1043
-171.398 30.6959 57.9566
-171.316 30.5095 57.8065
-171.232 30.3238 57.654
-171.147 30.1389 57.4992
-171.06 29.9547 57.3421
-170.972 29.7713 57.1827
-170.882 29.5887 57.0212
-170.79 29.4069 56.8575
-170.697 29.2259 56.6917
-170.602 29.0457 56.5239
-170.506 28.8663 56.3541
-170.408 28.6878 56.1824
-170.308 28.5101 56.0088
-170.207 28.3333 55.8333
-170.105 28.1574 55.6561
-170.001 27.9824 55.4772
-169.895 27.8084 55.2966
-169.788 27.6352 55.1143
-169.679 27.463 54.9305
-169.569 27.2918 54.7453
-169.457 27.1215 54.5585
-169.344 26.9522 54.3704
-169.23 26.7839 54.181
-169.114 26.6165 53.9902
-168.996 26.4503 53.7983
-168.877 26.285 53.6052
-168.757 26.1208 53.411
-168.635 25.9576 53.2158
-168.512 25.7956 53.0196
-168.387 25.6346 52.8224
-168.261 25.4747 52.6244
-168.133 25.3159 52.4256
-168.005 25.1582 52.2261
-167.874 25.0016 52.0259
-167.743 24.8462 51.8251
-167.61 24.692 51.6237
-167.476 24.5389 51.4218
-167.34 24.387 51.2195
-167.203 24.2362 51.0168
-167.065 24.0867 50.8138
-166.925 23.9384 50.6106
-166.785 23.7913 50.4072
-166.643 23.6455 50.2036
-166.499 23.5008 50
-166.355 23.3575 49.7964
-166.209 23.2154 49.5928
-166.062 23.0746 49.3894
-165.913 22.9351 49.1862
-165.764 22.7969 48.9832
-165.613 22.66 48.7805
-165.461 22.5244 48.5782
-165.308 22.3901 48.3763
-165.154 22.2572 48.1749
-164.998 22.1256 47.9741
-164.842 21.9954 47.7739
-164.684 21.8666 47.5744
-164.525 21.7391 47.3756
-164.365 21.6131 47.1776
-164.204 21.4884 46.9804
-164.042 21.3652 46.7842
-163.879 21.2433 46.589
-163.715 21.1229 46.3948
-163.55 21.004 46.2017
-163.383 20.8865 46.0098
-163.216 20.7704 45.819
-163.048 20.6558 45.6296
-162.879 20.5427 45.4415
-162.708 20.431 45.2547
-162.537 20.3209 45.0695
-162.365 20.2122 44.8857
-162.192 20.1051 44.7034
-162.018 19.9994 44.5228
-161.843 19.8953 44.3439
-161.667 19.7927 44.1667
-161.49 19.6917 43.9912
-161.312 19.5922 43.8176
-161.134 19.4943 43.6459
-160.954 19.3979 43.4761
-160.774 19.3031 43.3083
-160.593 19.2098 43.1425
-160.411 19.1182 42.9788
-160.229 19.0281 42.8173
-160.045 18.9397 42.6579
-159.861 18.8528 42.5008
-159.676 18.7676 42.346
-159.491 18.6839 42.1935
-159.304 18.6019 42.0434
-159.117 18.5216 41.8957
-158.929 18.4428 41.7504
-158.741 18.3657 41.6077
-158.552 18.2903 41.4675
-158.362 18.2165 41.33
-158.172 18.1443 41.1951
-157.98 18.0738 41.0628
-157.789 18.005 40.9333
-157.597 17.9379 40.8065
-157.404 17.8724 40.6826
-157.21 17.8087 40.5615
-157.016 17.7466 40.4432
-156.822 17.6862 40.3279
-156.627 17.6275 40.2155
-156.432 17.5706 40.1061
-156.236 17.5153 39.9997
-156.039 17.4617 39.8964
-155.842 17.4099 39.7961
-155.645 17.3598 39.6989
-155.447 17.3114 39.6049
-155.249 17.2647 39.5141
-155.05 17.2198 39.4264
-154.851 17.1766 39.342
-154.652 17.1351 39.2608
-154.452 17.0954 39.1829
-154.252 17.0574 39.1082
-154.052 17.0212 39.0369
-153.851 16.9867 38.9689
-153.65 16.9539 38.9043
-153.449 16.923 38.8431
-153.247 16.8937 38.7853
-153.046 16.8663 38.7309
-152.844 16.8406 38.6799
-152.641 16.8167 38.6323
-152.439 16.7945 38.5883
-152.236 16.7741 38.5477
-152.034 16.7555 38.5106
-151.831 16.7386 38.477
-151.628 16.7235 38.4469
-151.424 16.7102 38.4203
-151.221 16.6986 38.3972
-151.018 16.6889 38.3777
-150.814 16.6809 38.3618
-150.611 16.6747 38.3493
-150.407 16.6702 38.3404
-150.204 16.6676 38.3351
-150 16.6667 38.3333
-149.796 16.6676 38.3351
-149.593 16.6702 38.3404
-149.389 16.6747 38.3493
-149.186 16.6809 38.3618
-148.982 16.6889 38.3777
-148.779 16.6986 38.3972
-148.576 16.7102 38.4203
-148.372 16.7235 38.4469
-148.169 16.7386 38.477
-147.966 16.7555 38.5106
-147.764 16.7741 38.5477
-147.561 16.7945 38.5883
-147.359 16.8167 38.6323
-147.156 16.8406 38.6799
-146.954 16.8663 38.7309
-146.753 16.8937 38.7853
-146.551 16.923 38.8431
-146.35 16.9539 38.9043
-146.149 16.9867 38.9689
-145.948 17.0212 39.0369
-145.748 17.0574 39.1082
-145.548 17.0954 39.1829
-145.348 17.1351 39.2608
-145.149 17.1766 39.342
-144.95 17.2198 39.4264
-144.751 17.2647 39.5141
-144.553 17.3114 39.6049
-144.355 17.3598 39.6989
-144.158 17.4099 39.7961
-143.961 17.4617 39.8964
-143.764 17.5153 39.9997
-143.568 17.5706 40.1061
-143.373 17.6275 40.2155
-143.178 17.6862 40.3279
-142.984 17.7466 40.4432
-142.79 17.8087 40.5615
-142.596 17.8724 40.6826
-142.403 17.9379 40.8065
-142.211 18.005 40.9333
-142.02 18.0738 41.0628
-141.828 18.1443 41.1951
-141.638 18.2165 41.33
-141.448 18.2903 41.4675
-141.259 18.3657 41.6077
-141.071 18.4428 41.7504
-140.883 18.5216 41.8957
-140.696 18.6019 42.0434
-140.509 18.6839 42.1935
-140.324 18.7676 42.346
-140.139 18.8528 42.5008
-139.955 18.9397 42.6579
-139.771 19.0281 42.8173
-139.589 19.1182 42.9788
-139.407 19.2098 43.1425
-139.226 19.3031 43.3083
-139.046 19.3979 43.4761
-138.866 19.4943 43.6459
-138.688 19.5922 43.8176
-138.51 19.6917 43.9912
-138.333 19.7927 44.1667
-138.157 19.8953 44.3439
-137.982 19.9994 44.5228
-137.808 20.1051 44.7034
-137.635 20.2122 44.8857
-137.463 20.3209 45.0695
-137.292 20.431 45.2547
-137.121 20.5427 45.4415
-136.952 20.6558 45.6296
-136.784 20.7704 45.819
-136.617 20.8865 46.0098
-136.45 21.004 46.2017
-136.285 21.1229 46.3948
-136.121 21.2433 46.589
-135.958 21.3652 46.7842
-135.796 21.4884 46.9804
-135.635 21.6131 47.1776
-135.475 21.7391 47.3756
-135.316 21.8666 47.5744
-135.158 21.9954 47.7739
-135.002 22.1256 47.9741
-134.846 22.2572 48.1749
-134.692 22.3901 48.3763
-134.539 22.5244 48.5782
-134.387 22.66 48.7805
-134.236 22.7969 48.9832
-134.087 22.9351 49.1862
-133.938 23.0746 49.3894
-133.791 23.2154 49.5928
-133.645 23.3575 49.7964
-133.501 23.5008 50
-133.357 23.6455 50.2036
-133.215 23.7913 50.4072
-133.075 23.9384 50.6106
-132.935 24.0867 50.8138
-132.797 24.2362 51.0168
-132.66 24.387 51.2195
-132.524 24.5389 51.4218
-132.39 24.692 51.6237
-132.257 24.8462 51.8251
-132.126 25.0016 52.0259
-131.995 25.1582 52.2261
-131.867 25.3159 52.4256
-131.739 25.4747 52.6244
-131.613 25.6346 52.8224
-131.488 25.7956 53.0196
-131.365 25.9576 53.2158
-131.243 26.1208 53.411
-131.123 26.285 53.6052
-131.004 26.4503 53.7983
-130.886 26.6165 53.9902
-130.77 26.7839 54.181
-130.656 26.9522 54.3704
-130.543 27.1215 54.5585
-130.431 27.2918 54.7453
-130.321 27.463 54.9305
-130.212 27.6352 55.1143
-130.105 27.8084 55.2966
-129.999 27.9824 55.4772
-129.895 28.1574 55.6561
-129.793 28.3333 55.8333
-129.692 28.5101 56.0088
-129.592 28.6878 56.1824
-129.494 28.8663 56.3541
-129.398 29.0457 56.5239
-129.303 29.2259 56.6917
-129.21 29.4069 56.8575
-129.118 29.5887 57.0212
-129.028 29.7713 57.1827
-128.94 29.9547 57.3421
-128.853 30.1389 57.4992
-128.768 30.3238 57.654
-128.684 30.5095 57.8065
-128.602 30.6959 57.9566
-128.522 30.8829 58.1043
-128.443 31.0707 58.2496
-128.366 31.2592 58.3923
-128.29 31.4483 58.5325
-128.216 31.6381 58.67
-128.144 31.8285 58.8049
-128.074 32.0195 58.9372
-128.005 32.2112 59.0667
-127.938 32.4034 59.1935
-127.872 32.5962 59.3174
-127.809 32.7896 59.4385
-127.747 32.9835 59.5568
-127.686 33.178 59.6721
-127.628 33.373 59.7845
-127.571 33.5685 59.8939
-127.515 33.7644 60.0003
-127.462 33.9609 60.1036
-127.41 34.1578 60.2039
-127.36 34.3552 60.3011
-127.311 34.5529 60.3951
-127.265 34.7511 60.4859
-127.22 34.9497 60.5736
-127.177 35.1487 60.658
-127.135 35.3481 60.7392
-127.095 35.5478 60.8171
-127.057 35.7478 60.8918
-127.021 35.9482 60.9631
-126.987 36.1489 61.0311
-126.954 36.3499 61.0957
-126.923 36.5511 61.1569
-126.894 36.7526 61.2147
-126.866 36.9544 61.2691
-126.841 37.1564 61.3201
-126.817 37.3586 61.3677
-126.794 37.561 61.4117
-126.774 37.7636 61.4523
-126.755 37.9664 61.4894
-126.739 38.1693 61.523
-126.724 38.3723 61.5531
-126.71 38.5755 61.5797
-126.699 38.7788 61.6028
-126.689 38.9822 61.6223
-126.681 39.1857 61.6382
-126.675 39.3892 61.6507
-126.67 39.5928 61.6596
-126.668 39.7964 61.6649
40 61.6667 6.02647e-312
40.2036 61.6649 5.77183e-312
40.4072 61.6596 5.79305e-312
40.6108 61.6507 6.04769e-312
40.8143 61.6382 5.79305e-312
41.0178 61.6223 5.81427e-312
41.2212 61.6028 6.06891e-312
41.4245 61.5797 5.81427e-312
41.6277 61.5531 5.83549e-312
41.8307 61.523 6.09013e-312
42.0336 61.4894 5.83549e-312
42.2364 61.4523 5.60207e-312
42.439 61.4117 6.11135e-312
42.6414 61.3677 5.85671e-312
42.8436 61.3201 5.87793e-312
43.0456 61.2691 6.13257e-312
43.2474 61.2147 1.65751e-153
43.4489 61.1569 3.59905e+179
43.6501 61.0957 4.43802e-38
43.8511 61.0311 1.0854e-71
44.0518 60.9631 5.92037e-312
44.2522 60.8918 6.17501e-312
44.4522 60.8171 5.92037e-312
44.6519 60.7392 5.94159e-312
44.8513 60.658 6.19623e-312
45.0503 60.5736 5.94159e-312
45.2489 60.4859 5.96281e-312
45.4471 60.3951 6.21745e-312
45.6448 60.3011 5.96281e-312
45.8422 60.2039 5.98403e-312
46.0391 60.1036 6.23867e-312
46.2356 60.0003 5.98403e-312
46.4315 59.8939 6.00525e-312
46.627 59.7845 6.25989e-312
46.822 59.6721 6.00525e-312
47.0165 59.5568 6.02647e-312
47.2104 59.4385 6.28111e-312
47.4038 59.3174 6.02647e-312
47.5966 59.1935 6.04769e-312
47.7888 59.0667 6.30233e-312
47.9805 58.9372 6.04769e-312
48.1715 58.8049 6.06891e-312
48.3619 58.67 6.32355e-312
48.5517 58.5325 6.06891e-312
48.7408 58.3923 6.09013e-312
48.9293 58.2496 6.34477e-312
49.1171 58.1043 6.09013e-312
49.3041 57.9566 5.85671e-312
49.4905 57.8065 6.36599e-312
49.6762 57.654 6.11135e-312
49.8611 57.4992 6.13257e-312
50.0453 57.3421 6.38721e-312
50.2287 57.1827 6.13257e-312
50.4113 57.0212 6.15379e-312
50.5931 56.8575 6.40843e-312
50.7741 56.6917 6.15379e-312
50.9543 56.5239 6.17501e-312
51.1337 56.3541 6.42965e-312
51.3122 56.1824 6.17501e-312
51.4899 56.0088 6.19623e-312
51.6667 55.8333 6.45087e-312
51.8426 55.6561 6.19623e-312
52.0176 55.4772 6.21745e-312
52.1916 55.2966 6.47209e-312
52.3648 55.1143 6.21745e-312
52.537 54.9305 6.23867e-312
52.7082 54.7453 6.49331e-312
52.8785 54.5585 6.23867e-312
53.0478 54.3704 6.25989e-312
53.2161 54.181 6.51453e-312
53.3835 53.9902 6.25989e-312
53.5497 53.7983 6.28111e-312
53.715 53.6052 6.53575e-312
53.8792 53.411 6.28111e-312
54.0424 53.2158 6.30233e-312
54.2044 53.0196 6.55697e-312
54.3654 52.8224 6.30233e-312
54.5253 52.6244 6.32355e-312
54.6841 52.4256 6.57819e-312
54.8418 52.2261 6.32355e-312
54.9984 52.0259 6.34477e-312
55.1538 51.8251 6.59941e-312
55.308 51.6237 6.34477e-312
55.4611 51.4218 6.11135e-312
55.613 51.2195 6.62063e-312
55.7638 51.0168 6.36599e-312
55.9133 50.8138 6.38721e-312
56.0616 50.6106 6.64185e-312
56.2087 50.4072 6.38721e-312
56.3545 50.2036 6.40843e-312
56.4992 50 6.66307e-312
56.6425 49.7964 6.40843e-312
56.7846 49.5928 6.42965e-312
56.9254 49.3894 6.68429e-312
57.0649 49.1862 6.42965e-312
57.2031 48.9832 6.45087e-312
57.34 48.7805 6.70551e-312
57.4756 48.5782 6.45087e-312
57.6099 48.3763 6.47209e-312
57.7428 48.1749 6.72673e-312
57.8744 47.9741 6.47209e-312
58.0046 47.7739 6.49331e-312
58.1334 47.5744 6.74795e-312
58.2609 47.3756 6.49331e-312
58.3869 47.1776 6.51453e-312
58.5116 46.9804 6.76917e-312
58.6348 46.7842 6.51453e-312
58.7567 46.589 6.53575e-312
58.8771 46.3948 6.79039e-312
58.996 46.2017 6.53575e-312
59.1135 46.0098 6.55697e-312
59.2296 45.819 6.81161e-312
59.3442 45.6296 6.55697e-312
59.4573 45.4415 6.57819e-312
59.569 45.2547 6.83283e-312
59.6791 45.0695 6.57819e-312
59.7878 44.8857 6.59941e-312
59.8949 44.7034 6.85405e-312
60.0006 44.5228 6.59941e-312
60.1047 44.3439 6.36599e-312
60.2073 44.1667 6.87527e-312
60.3083 43.9912 6.62063e-312
60.4078 43.8176 6.64185e-312
60.5057 43.6459 6.89649e-312
60.6021 43.4761 6.64185e-312
60.6969 43.3083 6.66307e-312
60.7902 43.1425 6.91771e-312
60.8818 42.9788 6.66307e-312
60.9719 42.8173 6.68429e-312
61.0603 42.6579 6.93893e-312
61.1472 42.5008 6.68429e-312
61.2324 42.346 6.70551e-312
61.3161 42.1935 6.96015e-312
61.3981 42.0434 6.70551e-312
61.4784 41.8957 6.72673e-312
61.5572 41.7504 6.98137e-312
61.6343 41.6077 6.72673e-312
61.7097 41.4675 6.74795e-312
61.7835 41.33 7.00259e-312
61.8557 41.1951 6.74795e-312
61.9262 41.0628 6.76917e-312
61.995 40.9333 7.02381e-312
62.0621 40.8065 6.76917e-312
62.1276 40.6826 6.79039e-312
62.1913 40.5615 7.04503e-312
62.2534 40.4432 6.79039e-312
62.3138 40.3279 6.81161e-312
62.3725 40.2155 7.06625e-312
62.4294 40.1061 6.81161e-312
62.4847 39.9997 6.83283e-312
62.5383 39.8964 7.08747e-312
62.5901 39.7961 6.83283e-312
62.6402 39.6989 6.85405e-312
62.6886 39.6049 7.10869e-312
62.7353 39.5141 6.85405e-312
62.7802 39.4264 6.62063e-312
62.8234 39.342 7.12991e-312
62.8649 39.2608 6.87527e-312
62.9046 39.1829 6.89649e-312
62.9426 39.1082 7.15113e-312
62.9788 39.0369 6.89649e-312
63.0133 38.9689 6.91771e-312
63.0461 38.9043 7.17235e-312
63.077 38.8431 6.91771e-312
63.1063 38.7853 6.93893e-312
63.1337 38.7309 7.19357e-312
63.1594 38.6799 6.93893e-312
63.1833 38.6323 6.96015e-312
63.2055 38.5883 7.21479e-312
63.2259 38.5477 6.96015e-312
63.2445 38.5106 6.98137e-312
63.2614 38.477 7.23601e-312
63.2765 38.4469 6.98137e-312
63.2898 38.4203 7.00259e-312
63.3014 38.3972 7.25723e-312
63.3111 38.3777 7.00259e-312
63.3191 38.3618 7.02381e-312
63.3253 38.3493 7.27845e-312
63.3298 38.3404 7.02381e-312
63.3324 38.3351 7.04503e-312
63.3333 38.3333 7.29967e-312
63.3324 38.3351 7.04503e-312
63.3298 38.3404 7.06625e-312
63.3253 38.3493 7.32089e-312
63.3191 38.3618 7.06625e-312
63.3111 38.3777 7.08747e-312
63.3014 38.3972 7.34211e-312
63.2898 38.4203 7.08747e-312
63.2765 38.4469 7.10869e-312
63.2614 38.477 7.36333e-312
63.2445 38.5106 7.10869e-312
63.2259 38.5477 6.87527e-312
63.2055 38.5883 7.38455e-312
63.1833 38.6323 7.12991e-312
63.1594 38.6799 7.15113e-312
63.1337 38.7309 7.40577e-312
63.1063 38.7853 7.15113e-312
63.077 38.8431 7.17235e-312
63.0461 38.9043 7.42699e-312
63.0133 38.9689 7.17235e-312
62.9788 39.0369 7.19357e-312
62.9426 39.1082 7.44821e-312
62.9046 39.1829 7.19357e-312
62.8649 39.2608 7.21479e-312
62.8234 39.342 7.46943e-312
62.7802 39.4264 7.21479e-312
62.7353 39.5141 7.23601e-312
62.6886 39.6049 7.49065e-312
62.6402 39.6989 7.23601e-312
62.5901 39.7961 7.25723e-312
62.5383 39.8964 7.51187e-312
62.4847 39.9997 7.25723e-312
62.4294 40.1061 7.27845e-312
62.3725 40.2155 7.53309e-312
62.3138 40.3279 7.27845e-312
62.2534 40.4432 7.29967e-312
62.1913 40.5615 7.55431e-312
62.1276 40.6826 7.29967e-312
62.0621 40.8065 7.32089e-312
61.995 40.9333 7.57552e-312
61.9262 41.0628 7.32089e-312
61.8557 41.1951 7.34211e-312
61.7835 41.33 7.59674e-312
61.7097 41.4675 7.34211e-312
61.6343 41.6077 7.36333e-312
61.5572 41.7504 7.61796e-312
61.4784 41.8957 7.36333e-312
61.3981 42.0434 7.12991e-312
61.3161 42.1935 7.63918e-312
61.2324 42.346 7.38455e-312
61.1472 42.5008 7.40577e-312
61.0603 42.6579 7.6604e-312
60.9719 42.8173 7.40577e-312
60.8818 42.9788 7.42699e-312
60.7902 43.1425 7.68162e-312
60.6969 43.3083 7.42699e-312
60.6021 43.4761 7.44821e-312
60.5057 43.6459 7.70284e-312
60.4078 43.8176 7.44821e-312
60.3083 43.9912 7.46943e-312
60.2073 44.1667 7.72406e-312
60.1047 44.3439 7.46943e-312
60.0006 44.5228 7.49065e-312
59.8949 44.7034 7.74528e-312
59.7878 44.8857 7.49065e-312
59.6791 45.0695 7.51187e-312
59.569 45.2547 7.7665e-312
59.4573 45.4415 7.51187e-312
59.3442 45.6296 7.53309e-312
59.2296 45.819 7.78772e-312
59.1135 46.0098 7.53309e-312
58.996 46.2017 7.55431e-312
58.8771 46.3948 7.80894e-312
58.7567 46.589 7.55431e-312
58.6348 46.7842 7.57552e-312
58.5116 46.9804 7.83016e-312
58.3869 47.1776 7.57552e-312
58.2609 47.3756 7.59674e-312
58.1334 47.5744 7.85138e-312
58.0046 47.7739 7.59674e-312
57.8744 47.9741 7.61796e-312
57.7428 48.1749 7.8726e-312
57.6099 48.3763 7.61796e-312
57.4756 48.5782 7.38455e-312
57.34 48.7805 7.89382e-312
57.2031 48.9832 7.63918e-312
57.0649 49.1862 7.6604e-312
56.9254 49.3894 7.91504e-312
56.7846 49.5928 7.6604e-312
56.6425 49.7964 7.68162e-312
56.4992 50 7.93626e-312
56.3545 50.2036 7.68162e-312
56.2087 50.4072 7.70284e-312
56.0616 50.6106 7.95748e-312
55.9133 50.8138 7.70284e-312
55.7638 51.0168 7.72406e-312
55.613 51.2195 7.9787e-312
55.4611 51.4218 7.72406e-312
55.308 51.6237 7.74528e-312
55.1538 51.8251 7.99992e-312
54.9984 52.0259 7.74528e-312
54.8418 52.2261 7.7665e-312
54.6841 52.4256 8.02114e-312
54.5253 52.6244 7.7665e-312
54.3654 52.8224 7.78772e-312
54.2044 53.0196 8.04236e-312
54.0424 53.2158 7.78772e-312
53.8792 53.411 7.80894e-312
53.715 53.6052 8.06358e-312
53.5497 53.7983 7.80894e-312
53.3835 53.9902 7.83016e-312
53.2161 54.181 8.0848e-312
53.0478 54.3704 7.83016e-312
52.8785 54.5585 7.85138e-312
52.7082 54.7453 8.10602e-312
52.537 54.9305 7.85138e-312
52.3648 55.1143 7.8726e-312
52.1916 55.2966 8.12724e-312
52.0176 55.4772 7.8726e-312
51.8426 55.6561 7.63918e-312
51.6667 55.8333 8.14846e-312
51.4899 56.0088 7.89382e-312
51.3122 56.1824 7.91504e-312
51.1337 56.3541 8.16968e-312
50.9543 56.5239 7.91504e-312
50.7741 56.6917 7.93626e-312
50.5931 56.8575 8.1909e-312
50.4113 57.0212 7.93626e-312
50.2287 57.1827 7.95748e-312
50.0453 57.3421 8.21212e-312
49.8611 57.4992 7.95748e-312
49.6762 57.654 7.9787e-312
49.4905 57.8065 8.23334e-312
49.3041 57.9566 7.9787e-312
49.1171 58.1043 7.99992e-312
48.9293 58.2496 8.25456e-312
48.7408 58.3923 7.99992e-312
48.5517 58.5325 8.02114e-312
48.3619 58.67 8.27578e-312
48.1715 58.8049 8.02114e-312
47.9805 58.9372 8.04236e-312
47.7888 59.0667 8.297e-312
47.5966 59.1935 8.04236e-312
47.4038 59.3174 8.06358e-312
47.2104 59.4385 8.31822e-312
47.0165 59.5568 8.06358e-312
46.822 59.6721 8.0848e-312
46.627 59.7845 8.33944e-312
46.4315 59.8939 8.0848e-312
46.2356 60.0003 8.10602e-312
46.0391 60.1036 8.36066e-312
45.8422 60.2039 8.10602e-312
45.6448 60.3011 8.12724e-312
45.4471 60.3951 8.38188e-312
45.2489 60.4859 8.12724e-312
45.0503 60.5736 7.89382e-312
44.8513 60.658 8.4031e-312
44.6519 60.7392 8.14846e-312
44.4522 60.8171 8.16968e-312
44.2522 60.8918 8.42432e-312
44.0518 60.9631 8.16968e-312
43.8511 61.0311 8.1909e-312
43.6501 61.0957 8.44554e-312
43.4489 61.1569 8.1909e-312
43.2474 61.2147 8.21212e-312
43.0456 61.2691 8.46676e-312
42.8436 61.3201 8.21212e-312
42.6414 61.3677 8.23334e-312
42.439 61.4117 8.48798e-312
42.2364 61.4523 8.23334e-312
42.0336 61.4894 8.25456e-312
41.8307 61.523 8.5092e-312
41.6277 61.5531 8.25456e-312
41.4245 61.5797 8.27578e-312
41.2212 61.6028 8.53042e-312
41.0178 61.6223 8.27578e-312
40.8143 61.6382 8.297e-312
40.6108 61.6507 8.55164e-312
40.4072 61.6596 8.297e-312
40.2036 61.6649 8.31822e-312
40 61.6667 8.57286e-312
39.7964 61.6649 8.31822e-312
39.5928 61.6596 8.33944e-312
39.3892 61.6507 8.59408e-312
39.1857 61.6382 8.33944e-312
38.9822 61.6223 8.36066e-312
38.7788 61.6028 8.6153e-312
38.5755 61.5797 8.36066e-312
38.3723 61.5531 8.38188e-312
38.1693 61.523 8.63652e-312
37.9664 61.4894 8.38188e-312
37.7636 61.4523 8.14846e-312
37.561 61.4117 8.65774e-312
37.3586 61.3677 8.4031e-312
37.1564 61.3201 8.42432e-312
36.9544 61.2691 8.67896e-312
36.7526 61.2147 8.42432e-312
36.5511 61.1569 8.44554e-312
36.3499 61.0957 8.70018e-312
36.1489 61.0311 8.44554e-312
35.9482 60.9631 8.46676e-312
35.7478 60.8918 8.7214e-312
35.5478 60.8171 8.46676e-312
35.3481 60.7392 8.48798e-312
35.1487 60.658 8.74262e-312
34.9497 60.5736 8.48798e-312
34.7511 60.4859 8.5092e-312
34.5529 60.3951 8.76384e-312
34.3552 60.3011 8.5092e-312
34.1578 60.2039 8.53042e-312
33.9609 60.1036 8.78506e-312
33.7644 60.0003 8.53042e-312
33.5685 59.8939 8.55164e-312
33.373 59.7845 8.80628e-312
33.178 59.6721 8.55164e-312
32.9835 59.5568 8.57286e-312
32.7896 59.4385 8.8275e-312
32.5962 59.3174 8.57286e-312
32.4034 59.1935 8.59408e-312
32.2112 59.0667 8.84872e-312
32.0195 58.9372 8.59408e-312
31.8285 58.8049 8.6153e-312
31.6381 58.67 8.86994e-312
31.4483 58.5325 8.6153e-312
31.2592 58.3923 8.63652e-312
31.0707 58.2496 8.89116e-312
30.8829 58.1043 8.63652e-312
30.6959 57.9566 8.4031e-312
30.5095 57.8065 8.91238e-312
30.3238 57.654 8.65774e-312
30.1389 57.4992 8.67896e-312
29.9547 57.3421 8.9336e-312
29.7713 57.1827 8.67896e-312
29.5887 57.0212 8.70018e-312
29.4069 56.8575 8.95482e-312
29.2259 56.6917 8.70018e-312
29.0457 56.5239 8.7214e-312
28.8663 56.3541 8.97604e-312
28.6878 56.1824 8.7214e-312
28.5101 56.0088 8.74262e-312
28.3333 55.8333 8.99726e-312
28.1574 55.6561 8.74262e-312
27.9824 55.4772 8.76384e-312
27.8084 55.2966 9.01848e-312
27.6352 55.1143 8.76384e-312
27.463 54.9305 8.78506e-312
27.2918 54.7453 9.0397e-312
27.1215 54.5585 8.78506e-312
26.9522 54.3704 8.80628e-312
26.7839 54.181 9.06092e-312
26.6165 53.9902 8.80628e-312
26.4503 53.7983 8.8275e-312
26.285 53.6052 9.08214e-312
26.1208 53.411 8.8275e-312
25.9576 53.2158 8.84872e-312
25.7956 53.0196 9.10336e-312
25.6346 52.8224 8.84872e-312
25.4747 52.6244 8.86994e-312
25.3159 52.4256 9.12458e-312
25.1582 52.2261 8.86994e-312
25.0016 52.0259 8.89116e-312
24.8462 51.8251 9.1458e-312
24.692 51.6237 8.89116e-312
24.5389 51.4218 8.65774e-312
24.387 51.2195 9.16702e-312
24.2362 51.0168 8.91238e-312
24.0867 50.8138 8.9336e-312
23.9384 50.6106 9.18824e-312
23.7913 50.4072 8.9336e-312
23.6455 50.2036 8.95482e-312
23.5008 50 9.20946e-312
23.3575 49.7964 8.95482e-312
23.2154 49.5928 8.97604e-312
23.0746 49.3894 9.23068e-312
22.9351 49.1862 8.97604e-312
22.7969 48.9832 8.99726e-312
22.66 48.7805 9.2519e-312
22.5244 48.5782 8.99726e-312
22.3901 48.3763 9.01848e-312
22.2572 48.1749 9.27312e-312
22.1256 47.9741 9.01848e-312
21.9954 47.7739 9.0397e-312
21.8666 47.5744 9.29434e-312
21.7391 47.3756 9.0397e-312
21.6131 47.1776 9.06092e-312
21.4884 46.9804 9.31556e-312
21.3652 46.7842 9.06092e-312
21.2433 46.589 9.08214e-312
21.1229 46.3948 9.33678e-312
21.004 46.2017 9.08214e-312
20.8865 46.0098 9.10336e-312
20.7704 45.819 9.358e-312
20.6558 45.6296 9.10336e-312
20.5427 45.4415 9.12458e-312
20.431 45.2547 9.37922e-312
20.3209 45.0695 9.12458e-312
20.2122 44.8857 9.1458e-312
20.1051 44.7034 9.40044e-312
19.9994 44.5228 9.1458e-312
19.8953 44.3439 8.91238e-312
19.7927 44.1667 9.42166e-312
19.6917 43.9912 9.16702e-312
19.5922 43.8176 9.18824e-312
19.4943 43.6459 9.44288e-312
19.3979 43.4761 9.18824e-312
19.3031 43.3083 9.20946e-312
19.2098 43.1425 9.4641e-312
19.1182 42.9788 9.20946e-312
19.0281 42.8173 9.23068e-312
18.9397 42.6579 9.48532e-312
18.8528 42.5008 9.23068e-312
18.7676 42.346 9.2519e-312
18.6839 42.1935 9.50654e-312
18.6019 42.0434 9.2519e-312
18.5216 41.8957 9.27312e-312
18.4428 41.7504 9.52776e-312
18.3657 41.6077 9.27312e-312
18.2903 41.4675 9.29434e-312
18.2165 41.33 9.54898e-312
18.1443 41.1951 9.29434e-312
18.0738 41.0628 9.31556e-312
18.005 40.9333 9.5702e-312
17.9379 40.8065 9.31556e-312
17.8724 40.6826 9.33678e-312
17.8087 40.5615 9.59142e-312
17.7466 40.4432 9.33678e-312
17.6862 40.3279 9.358e-312
17.6275 40.2155 9.61264e-312
17.5706 40.1061 9.358e-312
17.5153 39.9997 9.37922e-312
17.4617 39.8964 9.63386e-312
17.4099 39.7961 9.37922e-312
17.3598 39.6989 9.40044e-312
17.3114 39.6049 9.65508e-312
17.2647 39.5141 9.40044e-312
17.2198 39.4264 9.16702e-312
17.1766 39.342 9.6763e-312
17.1351 39.2608 9.42166e-312
17.0954 39.1829 9.44288e-312
17.0574 39.1082 9.69752e-312
17.0212 39.0369 9.44288e-312
16.9867 38.9689 9.4641e-312
16.9539 38.9043 9.71874e-312
16.923 38.8431 9.4641e-312
16.8937 38.7853 9.48532e-312
16.8663 38.7309 9.73996e-312
16.8406 38.6799 9.48532e-312
16.8167 38.6323 9.50654e-312
16.7945 38.5883 0
16.7741 38.5477 9.50654e-312
16.7555 38.5106 0
16.7386 38.477 9.7824e-312
16.7235 38.4469 9.52776e-312
16.7102 38.4203 9.54898e-312
16.6986 38.3972 9.80362e-312
16.6889 38.3777 9.54898e-312
16.6809 38.3618 9.5702e-312
16.6747 38.3493 9.82484e-312
16.6702 38.3404 9.5702e-312
16.6676 38.3351 9.59142e-312
16.6667 38.3333 9.84606e-312
16.6676 38.3351 9.59142e-312
16.6702 38.3404 9.61264e-312
16.6747 38.3493 9.86728e-312
16.6809 38.3618 9.61264e-312
16.6889 38.3777 9.63386e-312
16.6986 38.3972 9.8885e-312
16.7102 38.4203 9.63386e-312
16.7235 38.4469 9.65508e-312
16.7386 38.477 9.90972e-312
16.7555 38.5106 9.65508e-312
16.7741 38.5477 9.42166e-312
16.7945 38.5883 9.93094e-312
16.8167 38.6323 9.6763e-312
16.8406 38.6799 9.69752e-312
16.8663 38.7309 9.95216e-312
16.8937 38.7853 9.69752e-312
16.923 38.8431 9.71874e-312
16.9539 38.9043 9.97338e-312
16.9867 38.9689 9.71874e-312
17.0212 39.0369 9.73996e-312
17.0574 39.1082 9.9946e-312
17.0954 39.1829 9.73996e-312
17.1351 39.2608 9.76118e-312
17.1766 39.342 1.00158e-311
17.2198 39.4264 9.76118e-312
17.2647 39.5141 9.7824e-312
17.3114 39.6049 1.0037e-311
17.3598 39.6989 9.7824e-312
17.4099 39.7961 9.80362e-312
17.4617 39.8964 1.00583e-311
17.5153 39.9997 9.80362e-312
17.5706 40.1061 9.82484e-312
17.6275 40.2155 1.00795e-311
17.6862 40.3279 9.82484e-312
17.7466 40.4432 9.84606e-312
17.8087 40.5615 1.01007e-311
17.8724 40.6826 9.84606e-312
17.9379 40.8065 9.86728e-312
18.005 40.9333 1.01219e-311
18.0738 41.0628 9.86728e-312
18.1443 41.1951 9.8885e-312
18.2165 41.33 1.01431e-311
18.2903 41.4675 9.8885e-312
18.3657 41.6077 9.90972e-312
18.4428 41.7504 1.01644e-311
18.5216 41.8957 9.90972e-312
18.6019 42.0434 9.6763e-312
18.6839 42.1935 1.01856e-311
18.7676 42.346 9.93094e-312
18.8528 42.5008 9.95216e-312
18.9397 42.6579 1.02068e-311
19.0281 42.8173 9.95216e-312
19.1182 42.9788 9.97338e-312
19.2098 43.1425 1.0228e-311
19.3031 43.3083 9.97338e-312
19.3979 43.4761 9.9946e-312
19.4943 43.6459 1.02492e-311
19.5922 43.8176 9.9946e-312
19.6917 43.9912 1.00158e-311
19.7927 44.1667 1.02705e-311
19.8953 44.3439 1.00158e-311
19.9994 44.5228 1.0037e-311
20.1051 44.7034 1.02917e-311
20.2122 44.8857 1.0037e-311
20.3209 45.0695 1.00583e-311
20.431 45.2547 1.03129e-311
20.5427 45.4415 1.00583e-311
20.6558 45.6296 1.00795e-311
20.7704 45.819 1.03341e-311
20.8865 46.0098 1.00795e-311
21.004 46.2017 1.01007e-311
21.1229 46.3948 1.03553e-311
21.2433 46.589 1.01007e-311
21.3652 46.7842 1.01219e-311
21.4884 46.9804 1.03766e-311
21.6131 47.1776 1.01219e-311
21.7391 47.3756 1.01431e-311
21.8666 47.5744 1.03978e-311
21.9954 47.7739 1.01431e-311
22.1256 47.9741 1.01644e-311
22.2572 48.1749 1.0419e-311
22.3901 48.3763 1.01644e-311
22.5244 48.5782 9.93094e-312
22.66 48.7805 1.04402e-311
22.7969 48.9832 1.01856e-311
22.9351 49.1862 1.02068e-311
23.0746 49.3894 1.04614e-311
23.2154 49.5928 1.02068e-311
23.3575 49.7964 1.0228e-311
23.5008 50 1.04827e-311
23.6455 50.2036 1.0228e-311
23.7913 50.4072 1.02492e-311
23.9384 50.6106 1.05039e-311
24.0867 50.8138 1.02492e-311
24.2362 51.0168 1.02705e-311
24.387 51.2195 1.05251e-311
24.5389 51.4218 1.02705e-311
24.692 51.6237 1.02917e-311
24.8462 51.8251 1.05463e-311
25.0016 52.0259 1.02917e-311
25.1582 52.2261 1.03129e-311
25.3159 52.4256 1.05675e-311
25.4747 52.6244 1.03129e-311
25.6346 52.8224 1.03341e-311
25.7956 53.0196 1.05888e-311
25.9576 53.2158 1.03341e-311
26.1208 53.411 1.03553e-311
26.285 53.6052 1.061e-311
26.4503 53.7983 1.03553e-311
26.6165 53.9902 1.03766e-311
26.7839 54.181 1.06312e-311
26.9522 54.3704 1.03766e-311
27.1215 54.5585 1.03978e-311
27.2918 54.7453 1.06524e-311
27.463 54.9305 1.03978e-311
27.6352 55.1143 1.0419e-311
27.8084 55.2966 1.06736e-311
27.9824 55.4772 1.0419e-311
28.1574 55.6561 1.01856e-311
28.3333 55.8333 1.06949e-311
28.5101 56.0088 1.04402e-311
28.6878 56.1824 1.04614e-311
28.8663 56.3541 1.07161e-311
29.0457 56.5239 1.04614e-311
29.2259 56.6917 1.04827e-311
29.4069 56.8575 1.07373e-311
29.5887 57.0212 1.04827e-311
29.7713 57.1827 1.05039e-311
29.9547 57.3421 1.07585e-311
30.1389 57.4992 1.05039e-311
30.3238 57.654 1.05251e-311
30.5095 57.8065 1.07797e-311
30.6959 57.9566 1.05251e-311
30.8829 58.1043 1.05463e-311
31.0707 58.2496 1.0801e-311
31.2592 58.3923 1.05463e-311
31.4483 58.5325 1.05675e-311
31.6381 58.67 1.08222e-311
31.8285 58.8049 1.05675e-311
32.0195 58.9372 1.05888e-311
32.2112 59.0667 1.08434e-311
32.4034 59.1935 1.05888e-311
32.5962 59.3174 1.061e-311
32.7896 59.4385 1.08646e-311
32.9835 59.5568 1.061e-311
33.178 59.6721 1.06312e-311
33.373 59.7845 1.08858e-311
33.5685 59.8939 1.06312e-311
33.7644 60.0003 1.06524e-311
33.9609 60.1036 1.09071e-311
34.1578 60.2039 1.06524e-311
34.3552 60.3011 1.06736e-311
34.5529 60.3951 1.09283e-311
34.7511 60.4859 1.06736e-311
34.9497 60.5736 1.04402e-311
35.1487 60.658 1.09495e-311
35.3481 60.7392 1.06949e-311
35.5478 60.8171 1.07161e-311
35.7478 60.8918 1.09707e-311
35.9482 60.9631 1.07161e-311
36.1489 61.0311 1.07373e-311
36.3499 61.0957 1.09919e-311
36.5511 61.1569 1.07373e-311
36.7526 61.2147 1.07585e-311
36.9544 61.2691 1.10132e-311
37.1564 61.3201 1.07585e-311
37.3586 61.3677 1.07797e-311
37.561 61.4117 1.10344e-311
37.7636 61.4523 1.07797e-311
37.9664 61.4894 1.0801e-311
38.1693 61.523 1.10556e-311
38.3723 61.5531 1.0801e-311
38.5755 61.5797 1.08222e-311
38.7788 61.6028 1.10768e-311
38.9822 61.6223 1.08222e-311
39.1857 61.6382 1.08434e-311
39.3892 61.6507 1.1098e-311
39.5928 61.6596 1.08434e-311
39.7964 61.6649 1.08646e-311
61.6667 6.02647e-312 2.54639e-313
61.6649 5.77183e-312 6.42285e-323
61.6596 5.79305e-312 2.122e-314
61.6507 6.04769e-312 2.75859e-313
61.6382 5.79305e-312 2.122e-314
61.6223 5.81427e-312 4.24399e-314
61.6028 6.06891e-312 2.97079e-313
61.5797 5.81427e-312 4.24399e-314
61.5531 5.83549e-312 6.36599e-314
61.523 6.09013e-312 3.18299e-313
61.4894 5.83549e-312 6.36599e-314
61.4523 5.60207e-312 8.48798e-314
61.4117 6.11135e-312 3.39519e-313
61.3677 5.85671e-312 8.48798e-314
61.3201 5.87793e-312 1.061e-313
61.2691 6.13257e-312 3.60739e-313
61.2147 1.65751e-153 1.061e-313
61.1569 3.59905e+179 1.2732e-313
61.0957 4.43802e-38 3.81959e-313
61.0311 1.0854e-71 1.2732e-313
60.9631 5.92037e-312 1.4854e-313
60.8918 6.17501e-312 4.03179e-313
60.8171 5.92037e-312 1.4854e-313
60.7392 5.94159e-312 1.6976e-313
60.658 6.19623e-312 4.24399e-313
60.5736 5.94159e-312 1.6976e-313
60.4859 5.96281e-312 1.9098e-313
60.3951 6.21745e-312 4.45619e-313
60.3011 5.96281e-312 1.9098e-313
60.2039 5.98403e-312 2.122e-313
60.1036 6.23867e-312 4.66839e-313
60.0003 5.98403e-312 2.122e-313
59.8939 6.00525e-312 2.3342e-313
59.7845 6.25989e-312 4.88059e-313
59.6721 6.00525e-312 2.3342e-313
59.5568 6.02647e-312 5.92879e-323
59.4385 6.28111e-312 5.09279e-313
59.3174 6.02647e-312 2.54639e-313
59.1935 6.04769e-312 2.75859e-313
59.0667 6.30233e-312 5.30499e-313
58.9372 6.04769e-312 2.75859e-313
58.8049 6.06891e-312 2.97079e-313
58.67 6.32355e-312 5.51719e-313
58.5325 6.06891e-312 2.97079e-313
58.3923 6.09013e-312 3.18299e-313
58.2496 6.34477e-312 5.72939e-313
58.1043 6.09013e-312 3.18299e-313
57.9566 5.85671e-312 3.39519e-313
57.8065 6.36599e-312 5.94159e-313
57.654 6.11135e-312 3.39519e-313
57.4992 6.13257e-312 3.60739e-313
57.3421 6.38721e-312 6.15379e-313
57.1827 6.13257e-312 3.60739e-313
57.0212 6.15379e-312 3.81959e-313
56.8575 6.40843e-312 6.36599e-313
56.6917 6.15379e-312 3.81959e-313
56.5239 6.17501e-312 4.03179e-313
56.3541 6.42965e-312 6.57819e-313
56.1824 6.17501e-312 4.03179e-313
56.0088 6.19623e-312 4.24399e-313
55.8333 6.45087e-312 6.79039e-313
55.6561 6.19623e-312 4.24399e-313
55.4772 6.21745e-312 4.45619e-313
55.2966 6.47209e-312 7.00259e-313
55.1143 6.21745e-312 4.45619e-313
54.9305 6.23867e-312 4.66839e-313
54.7453 6.49331e-312 7.21479e-313
54.5585 6.23867e-312 4.66839e-313
54.3704 6.25989e-312 4.88059e-313
54.181 6.51453e-312 7.42699e-313
53.9902 6.25989e-312 4.88059e-313
53.7983 6.28111e-312 2.54639e-313
53.6052 6.53575e-312 7.63918e-313
53.411 6.28111e-312 5.09279e-313
53.2158 6.30233e-312 5.30499e-313
53.0196 6.55697e-312 7.85138e-313
52.8224 6.30233e-312 5.30499e-313
52.6244 6.32355e-312 5.51719e-313
52.4256 6.57819e-312 8.06358e-313
52.2261 6.32355e-312 5.51719e-313
52.0259 6.34477e-312 5.72939e-313
51.8251 6.59941e-312 8.27578e-313
51.6237 6.34477e-312 5.72939e-313
51.4218 6.11135e-312 5.94159e-313
51.2195 6.62063e-312 8.48798e-313
51.0168 6.36599e-312 5.94159e-313
50.8138 6.38721e-312 6.15379e-313
50.6106 6.64185e-312 8.70018e-313
50.4072 6.38721e-312 6.15379e-313
50.2036 6.40843e-312 6.36599e-313
50 6.66307e-312 8.91238e-313
49.7964 6.40843e-312 6.36599e-313
49.5928 6.42965e-312 6.57819e-313
49.3894 6.68429e-312 9.12458e-313
49.1862 6.42965e-312 6.57819e-313
48.9832 6.45087e-312 6.79039e-313
48.7805 6.70551e-312 9.33678e-313
48.5782 6.45087e-312 6.79039e-313
48.3763 6.47209e-312 7.00259e-313
48.1749 6.72673e-312 9.54898e-313
47.9741 6.47209e-312 7.00259e-313
47.7739 6.49331e-312 7.21479e-313
47.5744 6.74795e-312 9.76118e-313
47.3756 6.49331e-312 7.21479e-313
47.1776 6.51453e-312 7.42699e-313
46.9804 6.76917e-312 9.97338e-313
46.7842 6.51453e-312 7.42699e-313
46.589 6.53575e-312 5.09279e-313
46.3948 6.79039e-312 1.01856e-312
46.2017 6.53575e-312 7.63918e-313
46.0098 6.55697e-312 7.85138e-313
45.819 6.81161e-312 1.03978e-312
45.6296 6.55697e-312 7.85138e-313
45.4415 6.57819e-312 8.06358e-313
45.2547 6.83283e-312 1.061e-312
45.0695 6.57819e-312 8.06358e-313
44.8857 6.59941e-312 8.27578e-313
44.7034 6.85405e-312 1.08222e-312
44.5228 6.59941e-312 8.27578e-313
44.3439 6.36599e-312 8.48798e-313
44.1667 6.87527e-312 1.10344e-312
43.9912 6.62063e-312 8.48798e-313
43.8176 6.64185e-312 8.70018e-313
43.6459 6.89649e-312 1.12466e-312
43.4761 6.64185e-312 8.70018e-313
43.3083 6.66307e-312 8.91238e-313
43.1425 6.91771e-312 1.14588e-312
42.9788 6.66307e-312 8.91238e-313
42.8173 6.68429e-312 9.12458e-313
42.6579 6.93893e-312 1.1671e-312
42.5008 6.68429e-312 9.12458e-313
42.346 6.70551e-312 9.33678e-313
42.1935 6.96015e-312 1.18832e-312
42.0434 6.70551e-312 9.33678e-313
41.8957 6.72673e-312 9.54898e-313
41.7504 6.98137e-312 1.20954e-312
41.6077 6.72673e-312 9.54898e-313
41.4675 6.74795e-312 9.76118e-313
41.33 7.00259e-312 1.23076e-312
41.1951 6.74795e-312 9.76118e-313
41.0628 6.76917e-312 9.97338e-313
40.9333 7.02381e-312 1.25198e-312
40.8065 6.76917e-312 9.97338e-313
40.6826 6.79039e-312 7.63918e-313
40.5615 7.04503e-312 1.2732e-312
40.4432 6.79039e-312 1.01856e-312
40.3279 6.81161e-312 1.03978e-312
40.2155 7.06625e-312 1.29442e-312
40.1061 6.81161e-312 1.03978e-312
39.9997 6.83283e-312 1.061e-312
39.8964 7.08747e-312 1.31564e-312
39.7961 6.83283e-312 1.061e-312
39.6989 6.85405e-312 1.08222e-312
39.6049 7.10869e-312 1.33686e-312
39.5141 6.85405e-312 1.08222e-312
39.4264 6.62063e-312 1.10344e-312
39.342 7.12991e-312 1.35808e-312
39.2608 6.87527e-312 1.10344e-312
39.1829 6.89649e-312 1.12466e-312
39.1082 7.15113e-312 1.3793e-312
39.0369 6.89649e-312 1.12466e-312
38.9689 6.91771e-312 1.14588e-312
38.9043 7.17235e-312 1.40052e-312
38.8431 6.91771e-312 1.14588e-312
38.7853 6.93893e-312 1.1671e-312
38.7309 7.19357e-312 1.42174e-312
38.6799 6.93893e-312 1.1671e-312
38.6323 6.96015e-312 1.18832e-312
38.5883 7.21479e-312 1.44296e-312
38.5477 6.96015e-312 1.18832e-312
38.5106 6.98137e-312 1.20954e-312
38.477 7.23601e-312 1.46418e-312
38.4469 6.98137e-312 1.20954e-312
38.4203 7.00259e-312 1.23076e-312
38.3972 7.25723e-312 1.4854e-312
38.3777 7.00259e-312 1.23076e-312
38.3618 7.02381e-312 1.25198e-312
38.3493 7.27845e-312 1.50662e-312
38.3404 7.02381e-312 1.25198e-312
38.3351 7.04503e-312 1.01856e-312
38.3333 7.29967e-312 1.52784e-312
38.3351 7.04503e-312 1.2732e-312
38.3404 7.06625e-312 1.29442e-312
38.3493 7.32089e-312 1.54906e-312
38.3618 7.06625e-312 1.29442e-312
38.3777 7.08747e-312 1.31564e-312
38.3972 7.34211e-312 1.57028e-312
38.4203 7.08747e-312 1.31564e-312
38.4469 7.10869e-312 1.33686e-312
38.477 7.36333e-312 1.5915e-312
38.5106 7.10869e-312 1.33686e-312
38.5477 6.87527e-312 1.35808e-312
38.5883 7.38455e-312 1.61272e-312
38.6323 7.12991e-312 1.35808e-312
38.6799 7.15113e-312 1.3793e-312
38.7309 7.40577e-312 1.63394e-312
38.7853 7.15113e-312 1.3793e-312
38.8431 7.17235e-312 1.40052e-312
38.9043 7.42699e-312 1.65516e-312
38.9689 7.17235e-312 1.40052e-312
39.0369 7.19357e-312 1.42174e-312
39.1082 7.44821e-312 1.67638e-312
39.1829 7.19357e-312 1.42174e-312
39.2608 7.21479e-312 1.44296e-312
39.342 7.46943e-312 1.6976e-312
39.4264 7.21479e-312 1.44296e-312
39.5141 7.23601e-312 1.46418e-312
39.6049 7.49065e-312 1.71882e-312
39.6989 7.23601e-312 1.46418e-312
39.7961 7.25723e-312 1.4854e-312
39.8964 7.51187e-312 1.74004e-312
39.9997 7.25723e-312 1.4854e-312
40.1061 7.27845e-312 1.50662e-312
40.2155 7.53309e-312 1.76126e-312
40.3279 7.27845e-312 1.50662e-312
40.4432 7.29967e-312 1.2732e-312
40.5615 7.55431e-312 1.78248e-312
40.6826 7.29967e-312 1.52784e-312
40.8065 7.32089e-312 1.54906e-312
40.9333 7.57552e-312 1.8037e-312
41.0628 7.32089e-312 1.54906e-312
41.1951 7.34211e-312 1.57028e-312
41.33 7.59674e-312 1.82492e-312
41.4675 7.34211e-312 1.57028e-312
41.6077 7.36333e-312 1.5915e-312
41.7504 7.61796e-312 1.84614e-312
41.8957 7.36333e-312 1.5915e-312
42.0434 7.12991e-312 1.61272e-312
42.1935 7.63918e-312 1.86736e-312
42.346 7.38455e-312 1.61272e-312
42.5008 7.40577e-312 1.63394e-312
42.6579 7.6604e-312 1.88858e-312
42.8173 7.40577e-312 1.63394e-312
42.9788 7.42699e-312 1.65516e-312
43.1425 7.68162e-312 1.9098e-312
43.3083 7.42699e-312 1.65516e-312
43.4761 7.44821e-312 1.67638e-312
43.6459 7.70284e-312 1.93102e-312
43.8176 7.44821e-312 1.67638e-312
43.9912 7.46943e-312 1.6976e-312
44.1667 7.72406e-312 1.95224e-312
44.3439 7.46943e-312 1.6976e-312
44.5228 7.49065e-312 1.71882e-312
44.7034 7.74528e-312 1.97346e-312
44.8857 7.49065e-312 1.71882e-312
45.0695 7.51187e-312 1.74004e-312
45.2547 7.7665e-312 1.99468e-312
45.4415 7.51187e-312 1.74004e-312
45.6296 7.53309e-312 1.76126e-312
45.819 7.78772e-312 2.0159e-312
46.0098 7.53309e-312 1.76126e-312
46.2017 7.55431e-312 1.52784e-312
46.3948 7.80894e-312 2.03712e-312
46.589 7.55431e-312 1.78248e-312
46.7842 7.57552e-312 1.8037e-312
46.9804 7.83016e-312 2.05834e-312
47.1776 7.57552e-312 1.8037e-312
47.3756 7.59674e-312 1.82492e-312
47.5744 7.85138e-312 2.07956e-312
47.7739 7.59674e-312 1.82492e-312
47.9741 7.61796e-312 1.84614e-312
48.1749 7.8726e-312 2.10078e-312
48.3763 7.61796e-312 1.84614e-312
48.5782 7.38455e-312 1.86736e-312
48.7805 7.89382e-312 2.122e-312
48.9832 7.63918e-312 1.86736e-312
49.1862 7.6604e-312 1.88858e-312
49.3894 7.91504e-312 2.14322e-312
49.5928 7.6604e-312 1.88858e-312
49.7964 7.68162e-312 1.9098e-312
50 7.93626e-312 2.16444e-312
50.2036 7.68162e-312 1.9098e-312
50.4072 7.70284e-312 1.93102e-312
50.6106 7.95748e-312 2.18566e-312
50.8138 7.70284e-312 1.93102e-312
51.0168 7.72406e-312 1.95224e-312
51.2195 7.9787e-312 2.20688e-312
51.4218 7.72406e-312 1.95224e-312
51.6237 7.74528e-312 1.97346e-312
51.8251 7.99992e-312 2.2281e-312
52.0259 7.74528e-312 1.97346e-312
52.2261 7.7665e-312 1.99468e-312
52.4256 8.02114e-312 2.24932e-312
52.6244 7.7665e-312 1.99468e-312
52.8224 7.78772e-312 2.0159e-312
53.0196 8.04236e-312 2.27054e-312
53.2158 7.78772e-312 2.0159e-312
53.411 7.80894e-312 1.78248e-312
53.6052 8.06358e-312 2.29176e-312
53.7983 7.80894e-312 2.03712e-312
53.9902 7.83016e-312 2.05834e-312
54.181 8.0848e-312 2.31298e-312
54.3704 7.83016e-312 2.05834e-312
54.5585 7.85138e-312 2.07956e-312
54.7453 8.10602e-312 2.3342e-312
54.9305 7.85138e-312 2.07956e-312
55.1143 7.8726e-312 2.10078e-312
55.2966 8.12724e-312 2.35542e-312
55.4772 7.8726e-312 2.10078e-312
55.6561 7.63918e-312 2.122e-312
55.8333 8.14846e-312 2.37664e-312
56.0088 7.89382e-312 2.122e-312
56.1824 7.91504e-312 2.14322e-312
56.3541 8.16968e-312 2.39786e-312
56.5239 7.91504e-312 2.14322e-312
56.6917 7.93626e-312 2.16444e-312
56.8575 8.1909e-312 2.41908e-312
57.0212 7.93626e-312 2.16444e-312
57.1827 7.95748e-312 2.18566e-312
57.3421 8.21212e-312 2.4403e-312
57.4992 7.95748e-312 2.18566e-312
57.654 7.9787e-312 2.20688e-312
57.8065 8.23334e-312 2.46152e-312
57.9566 7.9787e-312 2.20688e-312
58.1043 7.99992e-312 2.2281e-312
58.2496 8.25456e-312 2.48274e-312
58.3923 7.99992e-312 2.2281e-312
58.5325 8.02114e-312 2.24932e-312
58.67 8.27578e-312 2.50396e-312
58.8049 8.02114e-312 2.24932e-312
58.9372 8.04236e-312 2.27054e-312
59.0667 8.297e-312 2.52517e-312
59.1935 8.04236e-312 2.27054e-312
59.3174 8.06358e-312 2.03712e-312
59.4385 8.31822e-312 2.54639e-312
59.5568 8.06358e-312 2.29176e-312
59.6721 8.0848e-312 2.31298e-312
59.7845 8.33944e-312 2.56761e-312
59.8939 8.0848e-312 2.31298e-312
60.0003 8.10602e-312 2.3342e-312
60.1036 8.36066e-312 2.58883e-312
60.2039 8.10602e-312 2.3342e-312
60.3011 8.12724e-312 2.35542e-312
60.3951 8.38188e-312 2.61005e-312
60.4859 8.12724e-312 2.35542e-312
60.5736 7.89382e-312 2.37664e-312
60.658 8.4031e-312 2.63127e-312
60.7392 8.14846e-312 2.37664e-312
60.8171 8.16968e-312 2.39786e-312
60.8918 8.42432e-312 2.65249e-312
60.9631 8.16968e-312 2.39786e-312
61.0311 8.1909e-312 2.41908e-312
61.0957 8.44554e-312 2.67371e-312
61.1569 8.1909e-312 2.41908e-312
61.2147 8.21212e-312 2.4403e-312
61.2691 8.46676e-312 2.69493e-312
61.3201 8.21212e-312 2.4403e-312
61.3677 8.23334e-312 2.46152e-312
61.4117 8.48798e-312 2.71615e-312
61.4523 8.23334e-312 2.46152e-312
61.4894 8.25456e-312 2.48274e-312
61.523 8.5092e-312 2.73737e-312
61.5531 8.25456e-312 2.48274e-312
61.5797 8.27578e-312 2.50396e-312
61.6028 8.53042e-312 2.75859e-312
61.6223 8.27578e-312 2.50396e-312
61.6382 8.297e-312 2.52517e-312
61.6507 8.55164e-312 2.77981e-312
61.6596 8.297e-312 2.52517e-312
61.6649 8.31822e-312 2.29176e-312
61.6667 8.57286e-312 2.80103e-312
61.6649 8.31822e-312 2.54639e-312
61.6596 8.33944e-312 2.56761e-312
61.6507 8.59408e-312 2.82225e-312
61.6382 8.33944e-312 2.56761e-312
61.6223 8.36066e-312 2.58883e-312
61.6028 8.6153e-312 2.84347e-312
61.5797 8.36066e-312 2.58883e-312
61.5531 8.38188e-312 2.61005e-312
61.523 8.63652e-312 2.86469e-312
61.4894 8.38188e-312 2.61005e-312
61.4523 8.14846e-312 2.63127e-312
61.4117 8.65774e-312 2.88591e-312
61.3677 8.4031e-312 2.63127e-312
61.3201 8.42432e-312 2.65249e-312
61.2691 8.67896e-312 2.90713e-312
61.2147 8.42432e-312 2.65249e-312
61.1569 8.44554e-312 2.67371e-312
61.0957 8.70018e-312 2.92835e-312
61.0311 8.44554e-312 2.67371e-312
60.9631 8.46676e-312 2.69493e-312
60.8918 8.7214e-312 2.94957e-312
60.8171 8.46676e-312 2.69493e-312
60.7392 8.48798e-312 2.71615e-312
60.658 8.74262e-312 2.97079e-312
60.5736 8.48798e-312 2.71615e-312
60.4859 8.5092e-312 2.73737e-312
60.3951 8.76384e-312 2.99201e-312
60.3011 8.5092e-312 2.73737e-312
60.2039 8.53042e-312 2.75859e-312
60.1036 8.78506e-312 3.01323e-312
60.0003 8.53042e-312 2.75859e-312
59.8939 8.55164e-312 2.77981e-312
59.7845 8.80628e-312 3.03445e-312
59.6721 8.55164e-312 2.77981e-312
59.5568 8.57286e-312 2.54639e-312
59.4385 8.8275e-312 3.05567e-312
59.3174 8.57286e-312 2.80103e-312
59.1935 8.59408e-312 2.82225e-312
59.0667 8.84872e-312 3.07689e-312
58.9372 8.59408e-312 2.82225e-312
58.8049 8.6153e-312 2.84347e-312
58.67 8.86994e-312 3.09811e-312
58.5325 8.6153e-312 2.84347e-312
58.3923 8.63652e-312 2.86469e-312
58.2496 8.89116e-312 3.11933e-312
58.1043 8.63652e-312 2.86469e-312
57.9566 8.4031e-312 2.88591e-312
57.8065 8.91238e-312 3.14055e-312
57.654 8.65774e-312 2.88591e-312
57.4992 8.67896e-312 2.90713e-312
57.3421 8.9336e-312 3.16177e-312
57.1827 8.67896e-312 2.90713e-312
57.0212 8.70018e-312 2.92835e-312
56.8575 8.95482e-312 3.18299e-312
56.6917 8.70018e-312 2.92835e-312
56.5239 8.7214e-312 2.94957e-312
56.3541 8.97604e-312 3.20421e-312
56.1824 8.7214e-312 2.94957e-312
56.0088 8.74262e-312 2.97079e-312
55.8333 8.99726e-312 3.22543e-312
55.6561 8.74262e-312 2.97079e-312
55.4772 8.76384e-312 2.99201e-312
55.2966 9.01848e-312 3.24665e-312
55.1143 8.76384e-312 2.99201e-312
54.9305 8.78506e-312 3.01323e-312
54.7453 9.0397e-312 3.26787e-312
54.5585 8.78506e-312 3.01323e-312
54.3704 8.80628e-312 3.03445e-312
54.181 9.06092e-312 3.28909e-312
53.9902 8.80628e-312 3.03445e-312
53.7983 8.8275e-312 2.80103e-312
53.6052 9.08214e-312 3.31031e-312
53.411 8.8275e-312 3.05567e-312
53.2158 8.84872e-312 3.07689e-312
53.0196 9.10336e-312 3.33153e-312
52.8224 8.84872e-312 3.07689e-312
52.6244 8.86994e-312 3.09811e-312
52.4256 9.12458e-312 3.35275e-312
52.2261 8.86994e-312 3.09811e-312
52.0259 8.89116e-312 3.11933e-312
51.8251 9.1458e-312 3.37397e-312
51.6237 8.89116e-312 3.11933e-312
51.4218 8.65774e-312 3.14055e-312
51.2195 9.16702e-312 3.39519e-312
51.0168 8.91238e-312 3.14055e-312
50.8138 8.9336e-312 3.16177e-312
50.6106 9.18824e-312 3.41641e-312
50.4072 8.9336e-312 3.16177e-312
50.2036 8.95482e-312 3.18299e-312
50 9.20946e-312 3.43763e-312
49.7964 8.95482e-312 3.18299e-312
49.5928 8.97604e-312 3.20421e-312
49.3894 9.23068e-312 3.45885e-312
49.1862 8.97604e-312 3.20421e-312
48.9832 8.99726e-312 3.22543e-312
48.7805 9.2519e-312 3.48007e-312
48.5782 8.99726e-312 3.22543e-312
48.3763 9.01848e-312 3.24665e-312
48.1749 9.27312e-312 3.50129e-312
47.9741 9.01848e-312 3.24665e-312
47.7739 9.0397e-312 3.26787e-312
47.5744 9.29434e-312 3.52251e-312
47.3756 9.0397e-312 3.26787e-312
47.1776 9.06092e-312 3.28909e-312
46.9804 9.31556e-312 3.54373e-312
46.7842 9.06092e-312 3.28909e-312
46.589 9.08214e-312 3.05567e-312
46.3948 9.33678e-312 3.56495e-312
46.2017 9.08214e-312 3.31031e-312
46.0098 9.10336e-312 3.33153e-312
45.819 9.358e-312 3.58617e-312
45.6296 9.10336e-312 3.33153e-312
45.4415 9.12458e-312 3.35275e-312
45.2547 9.37922e-312 3.60739e-312
45.0695 9.12458e-312 3.35275e-312
44.8857 9.1458e-312 3.37397e-312
44.7034 9.40044e-312 3.62861e-312
44.5228 9.1458e-312 3.37397e-312
44.3439 8.91238e-312 3.39519e-312
44.1667 9.42166e-312 3.64983e-312
43.9912 9.16702e-312 3.39519e-312
43.8176 9.18824e-312 3.41641e-312
43.6459 9.44288e-312 3.67105e-312
43.4761 9.18824e-312 3.41641e-312
43.3083 9.20946e-312 3.43763e-312
43.1425 9.4641e-312 3.69227e-312
42.9788 9.20946e-312 3.43763e-312
42.8173 9.23068e-312 3.45885e-312
42.6579 9.48532e-312 3.71349e-312
42.5008 9.23068e-312 3.45885e-312
42.346 9.2519e-312 3.48007e-312
42.1935 9.50654e-312 3.73471e-312
42.0434 9.2519e-312 3.48007e-312
41.8957 9.27312e-312 3.50129e-312
41.7504 9.52776e-312 3.75593e-312
41.6077 9.27312e-312 3.50129e-312
41.4675 9.29434e-312 3.52251e-312
41.33 9.54898e-312 3.77715e-312
41.1951 9.29434e-312 3.52251e-312
41.0628 9.31556e-312 3.54373e-312
40.9333 9.5702e-312 3.79837e-312
40.8065 9.31556e-312 3.54373e-312
40.6826 9.33678e-312 3.31031e-312
40.5615 9.59142e-312 3.81959e-312
40.4432 9.33678e-312 3.56495e-312
40.3279 9.358e-312 3.58617e-312
40.2155 9.61264e-312 3.84081e-312
40.1061 9.358e-312 3.58617e-312
39.9997 9.37922e-312 3.60739e-312
39.8964 9.63386e-312 3.86203e-312
39.7961 9.37922e-312 3.60739e-312
39.6989 9.40044e-312 3.62861e-312
39.6049 9.65508e-312 3.88325e-312
39.5141 9.40044e-312 3.62861e-312
39.4264 9.16702e-312 3.64983e-312
39.342 9.6763e-312 3.90447e-312
39.2608 9.42166e-312 3.64983e-312
39.1829 9.44288e-312 3.67105e-312
39.1082 9.69752e-312 3.92569e-312
39.0369 9.44288e-312 3.67105e-312
38.9689 9.4641e-312 3.69227e-312
38.9043 9.71874e-312 3.94691e-312
38.8431 9.4641e-312 3.69227e-312
38.7853 9.48532e-312 3.71349e-312
38.7309 9.73996e-312 3.96813e-312
38.6799 9.48532e-312 3.71349e-312
38.6323 9.50654e-312 3.73471e-312
38.5883 0 3.98935e-312
38.5477 9.50654e-312 3.73471e-312
38.5106 0 3.75593e-312
38.477 9.7824e-312 4.01057e-312
38.4469 9.52776e-312 3.75593e-312
38.4203 9.54898e-312 3.77715e-312
38.3972 9.80362e-312 4.03179e-312
38.3777 9.54898e-312 3.77715e-312
38.3618 9.5702e-312 3.79837e-312
38.3493 9.82484e-312 4.05301e-312
38.3404 9.5702e-312 3.79837e-312
38.3351 9.59142e-312 3.56495e-312
38.3333 9.84606e-312 4.07423e-312
38.3351 9.59142e-312 3.81959e-312
38.3404 9.61264e-312 3.84081e-312
38.3493 9.86728e-312 4.09545e-312
38.3618 9.61264e-312 3.84081e-312
38.3777 9.63386e-312 3.86203e-312
38.3972 9.8885e-312 4.11667e-312
38.4203 9.63386e-312 3.86203e-312
38.4469 9.65508e-312 3.88325e-312
38.477 9.90972e-312 4.13789e-312
38.5106 9.65508e-312 3.88325e-312
38.5477 9.42166e-312 3.90447e-312
38.5883 9.93094e-312 4.15911e-312
38.6323 9.6763e-312 3.90447e-312
38.6799 9.69752e-312 3.92569e-312
38.7309 9.95216e-312 4.18033e-312
38.7853 9.69752e-312 3.92569e-312
38.8431 9.71874e-312 3.94691e-312
38.9043 9.97338e-312 4.20155e-312
38.9689 9.71874e-312 3.94691e-312
39.0369 9.73996e-312 3.96813e-312
39.1082 9.9946e-312 4.22277e-312
39.1829 9.73996e-312 3.96813e-312
39.2608 9.76118e-312 3.98935e-312
39.342 1.00158e-311 4.24399e-312
39.4264 9.76118e-312 3.98935e-312
39.5141 9.7824e-312 4.01057e-312
39.6049 1.0037e-311 4.26521e-312
39.6989 9.7824e-312 4.01057e-312
39.7961 9.80362e-312 4.03179e-312
39.8964 1.00583e-311 4.28643e-312
39.9997 9.80362e-312 4.03179e-312
40.1061 9.82484e-312 4.05301e-312
40.2155 1.00795e-311 4.30765e-312
40.3279 9.82484e-312 4.05301e-312
40.4432 9.84606e-312 3.81959e-312
40.5615 1.01007e-311 4.32887e-312
40.6826 9.84606e-312 4.07423e-312
40.8065 9.86728e-312 4.09545e-312
40.9333 1.01219e-311 4.35009e-312
41.0628 9.86728e-312 4.09545e-312
41.1951 9.8885e-312 4.11667e-312
41.33 1.01431e-311 4.37131e-312
41.4675 9.8885e-312 4.11667e-312
41.6077 9.90972e-312 4.13789e-312
41.7504 1.01644e-311 4.39253e-312
41.8957 9.90972e-312 4.13789e-312
42.0434 9.6763e-312 4.15911e-312
42.1935 1.01856e-311 4.41375e-312
42.346 9.93094e-312 4.15911e-312
42.5008 9.95216e-312 4.18033e-312
42.6579 1.02068e-311 4.43497e-312
42.8173 9.95216e-312 4.18033e-312
42.9788 9.97338e-312 4.20155e-312
43.1425 1.0228e-311 4.45619e-312
43.3083 9.97338e-312 4.20155e-312
43.4761 9.9946e-312 4.22277e-312
43.6459 1.02492e-311 4.47741e-312
43.8176 9.9946e-312 4.22277e-312
43.9912 1.00158e-311 4.24399e-312
44.1667 1.02705e-311 4.49863e-312
44.3439 1.00158e-311 4.24399e-312
44.5228 1.0037e-311 4.26521e-312
44.7034 1.02917e-311 4.51985e-312
44.8857 1.0037e-311 4.26521e-312
45.0695 1.00583e-311 4.28643e-312
45.2547 1.03129e-311 4.54107e-312
45.4415 1.00583e-311 4.28643e-312
45.6296 1.00795e-311 4.30765e-312
45.819 1.03341e-311 4.56229e-312
46.0098 1.00795e-311 4.30765e-312
46.2017 1.01007e-311 4.07423e-312
46.3948 1.03553e-311 4.58351e-312
46.589 1.01007e-311 4.32887e-312
46.7842 1.01219e-311 4.35009e-312
46.9804 1.03766e-311 4.60473e-312
47.1776 1.01219e-311 4.35009e-312
47.3756 1.01431e-311 4.37131e-312
47.5744 1.03978e-311 4.62595e-312
47.7739 1.01431e-311 4.37131e-312
47.9741 1.01644e-311 4.39253e-312
48.1749 1.0419e-311 4.64717e-312
48.3763 1.01644e-311 4.39253e-312
48.5782 9.93094e-312 4.41375e-312
48.7805 1.04402e-311 4.66839e-312
48.9832 1.01856e-311 4.41375e-312
49.1862 1.02068e-311 4.43497e-312
49.3894 1.04614e-311 4.68961e-312
49.5928 1.02068e-311 4.43497e-312
49.7964 1.0228e-311 4.45619e-312
50 1.04827e-311 4.71083e-312
50.2036 1.0228e-311 4.45619e-312
50.4072 1.02492e-311 4.47741e-312
50.6106 1.05039e-311 4.73205e-312
50.8138 1.02492e-311 4.47741e-312
51.0168 1.02705e-311 4.49863e-312
51.2195 1.05251e-311 4.75327e-312
51.4218 1.02705e-311 4.49863e-312
51.6237 1.02917e-311 4.51985e-312
51.8251 1.05463e-311 4.77449e-312
52.0259 1.02917e-311 4.51985e-312
52.2261 1.03129e-311 4.54107e-312
52.4256 1.05675e-311 4.79571e-312
52.6244 1.03129e-311 4.54107e-312
52.8224 1.03341e-311 4.56229e-312
53.0196 1.05888e-311 4.81693e-312
53.2158 1.03341e-311 4.56229e-312
53.411 1.03553e-311 4.32887e-312
53.6052 1.061e-311 4.83815e-312
53.7983 1.03553e-311 4.58351e-312
53.9902 1.03766e-311 4.60473e-312
54.181 1.06312e-311 4.85937e-312
54.3704 1.03766e-311 4.60473e-312
54.5585 1.03978e-311 4.62595e-312
54.7453 1.06524e-311 4.88059e-312
54.9305 1.03978e-311 4.62595e-312
55.1143 1.0419e-311 4.64717e-312
55.2966 1.06736e-311 4.90181e-312
55.4772 1.0419e-311 4.64717e-312
55.6561 1.01856e-311 4.66839e-312
55.8333 1.06949e-311 4.92303e-312
56.0088 1.04402e-311 4.66839e-312
56.1824 1.04614e-311 4.68961e-312
56.3541 1.07161e-311 4.94425e-312
56.5239 1.04614e-311 4.68961e-312
56.6917 1.04827e-311 4.71083e-312
56.8575 1.07373e-311 4.96547e-312
57.0212 1.04827e-311 4.71083e-312
57.1827 1.05039e-311 4.73205e-312
57.3421 1.07585e-311 4.98669e-312
57.4992 1.05039e-311 4.73205e-312
57.654 1.05251e-311 4.75327e-312
57.8065 1.07797e-311 5.00791e-312
57.9566 1.05251e-311 4.75327e-312
58.1043 1.05463e-311 4.77449e-312
58.2496 1.0801e-311 5.02913e-312
58.3923 1.05463e-311 4.77449e-312
58.5325 1.05675e-311 4.79571e-312
58.67 1.08222e-311 5.05035e-312
58.8049 1.05675e-311 4.79571e-312
58.9372 1.05888e-311 4.81693e-312
59.0667 1.08434e-311 5.07157e-312
59.1935 1.05888e-311 4.81693e-312
59.3174 1.061e-311 4.58351e-312
59.4385 1.08646e-311 5.09279e-312
59.5568 1.061e-311 4.83815e-312
59.6721 1.06312e-311 4.85937e-312
59.7845 1.08858e-311 5.11401e-312
59.8939 1.06312e-311 4.85937e-312
60.0003 1.06524e-311 4.88059e-312
60.1036 1.09071e-311 5.13523e-312
60.2039 1.06524e-311 4.88059e-312
60.3011 1.06736e-311 4.90181e-312
60.3951 1.09283e-311 5.15645e-312
60.4859 1.06736e-311 4.90181e-312
60.5736 1.04402e-311 4.92303e-312
60.658 1.09495e-311 5.17767e-312
60.7392 1.06949e-311 4.92303e-312
60.8171 1.07161e-311 4.94425e-312
60.8918 1.09707e-311 5.19889e-312
60.9631 1.07161e-311 4.94425e-312
61.0311 1.07373e-311 4.96547e-312
61.0957 1.09919e-311 5.22011e-312
61.1569 1.07373e-311 4.96547e-312
61.2147 1.07585e-311 4.98669e-312
61.2691 1.10132e-311 5.24133e-312
61.3201 1.07585e-311 4.98669e-312
61.3677 1.07797e-311 5.00791e-312
61.4117 1.10344e-311 5.26255e-312
61.4523 1.07797e-311 5.00791e-312
61.4894 1.0801e-311 5.02913e-312
61.523 1.10556e-311 5.28377e-312
61.5531 1.0801e-311 5.02913e-312
61.5797 1.08222e-311 5.05035e-312
61.6028 1.10768e-311 5.30499e-312
61.6223 1.08222e-311 5.05035e-312
61.6382 1.08434e-311 5.07157e-312
61.6507 1.1098e-311 5.32621e-312
61.6596 1.08434e-311 5.07157e-312
61.6649 1.08646e-311 4.83815e-312
