720
-150 52.2341 50
-150 52.2356 50.0001
-150 52.2403 50.0004
-150 52.2482 50.0009
-150 52.2592 50.0016
-150 52.2733 50.0026
-150 52.2906 50.0037
-150 52.311 50.005
-150 52.3345 50.0066
-150 52.3612 50.0083
-150 52.391 50.0102
-150 52.4239 50.0124
-150 52.46 50.0147
-150 52.4991 50.0193
-150 52.5413 50.0244
-150 52.5866 50.0298
-150 52.6351 50.0356
-150 52.6866 50.0419
-150 52.741 50.0502
-150 52.7984 50.0593
-150 52.8589 50.0688
-150 52.9225 50.079
-150 52.9889 50.0915
-150 53.0582 50.1046
-150 53.1307 50.1182
-150 53.2057 50.1341
-150 53.2837 50.151
-150 53.3647 50.1685
-150 53.4483 50.1886
-150 53.5349 50.2095
-150 53.6242 50.2318
-150 53.7162 50.2563
-150 53.8111 50.2815
-150 53.9083 50.3095
-150 54.0085 50.3384
-150 54.1111 50.3697
-150 54.2165 50.4025
-150 54.3243 50.4374
-150 54.4347 50.4742
-150 54.5473 50.5131
-150 54.6624 50.5539
-150 54.78 50.5973
-150 54.9002 50.6424
-150 55.022 50.6904
-150 55.1463 50.74
-150 55.2729 50.7927
-150 55.4016 50.8476
-150 55.5324 50.9048
-150 55.6649 50.9651
-150 55.7997 51.0277
-150 55.9364 51.0931
-150 56.0747 51.1615
-150 56.2149 51.2324
-150 56.3567 51.3062
-150 56.5001 51.3834
-150 56.6452 51.4635
-150 56.7919 51.5464
-150 56.9397 51.6328
-150 57.0887 51.7225
-150 57.2391 51.8152
-150 57.3907 51.9112
-150 57.5433 52.0108
-150 57.6967 52.1141
-150 57.8511 52.2209
-150 58.0063 52.3312
-150 58.1622 52.4451
-150 58.3187 52.5627
-150 58.4753 52.6843
-150 58.6322 52.8098
-150 58.7893 52.9392
-150 58.9465 53.0725
-150 59.1038 53.2099
-150 59.2608 53.3513
-150 59.4175 53.4968
-150 59.5738 53.6466
-150 59.7294 53.8005
-150 59.8843 53.9588
-150 60.0383 54.1214
-150 60.1912 54.2884
-150 60.3429 54.4598
-150 60.4932 54.6356
-150 60.6419 54.8159
-150 60.7888 55.0007
-150 60.9339 55.19
-150 61.0769 55.3839
-150 61.2176 55.5823
-150 61.3559 55.7852
-150 61.4915 55.9926
-150 61.6244 56.2045
-150 61.7542 56.421
-150 61.8809 56.6419
-150 62.0043 56.8672
-150 62.1241 57.097
-150 62.2398 57.3312
-150 62.3514 57.5698
-150 62.459 57.8127
-150 62.5622 58.0597
-150 62.6609 58.3109
-150 62.755 58.566
-150 62.8439 58.8252
-150 62.9274 59.0884
-150 63.0057 59.3552
-150 63.0787 59.6257
-150 63.1462 59.8996
-150 63.2073 60.177
-150 63.2623 60.4576
-150 63.3114 60.7413
-150 63.3544 61.0279
-150 63.3903 61.3174
-150 63.4197 61.6095
-150 63.4425 61.904
-150 63.4587 62.2008
-150 63.4671 62.4997
-150 63.4688 62.8004
-150 63.4636 63.1028
-150 63.4504 63.4067
-150 63.4301 63.712
-150 63.4027 64.0184
-150 63.3671 64.3256
-150 63.3241 64.6334
-150 63.274 64.9418
-150 63.2153 65.2503
-150 63.1493 65.5589
-150 63.0758 65.8674
-150 62.9939 66.1754
-150 62.9049 66.4828
-150 62.8075 66.7893
-150 62.7026 67.0948
-150 62.59 67.3991
-150 62.4692 67.7016
-150 62.3413 68.0027
-150 62.2049 68.3016
-150 62.0613 68.5984
-150 61.9098 68.8928
-150 61.7506 69.1846
-150 61.5841 69.4736
-150 61.4096 69.7593
-150 61.2282 70.0421
-150 61.0386 70.3209
-150 60.8424 70.5963
-150 60.6381 70.8673
-150 60.4271 71.1345
-150 60.2085 71.3968
-150 59.9832 71.6548
-150 59.7504 71.9075
-150 59.5111 72.1553
-150 59.2646 72.3973
-150 59.0117 72.634
-150 58.7518 72.8643
-150 58.4858 73.0888
-150 58.213 73.3064
-150 57.9343 73.5178
-150 57.649 73.7216
-150 57.3583 73.9189
-150 57.0612 74.1078
-150 56.7589 74.2898
-150 56.4508 74.4629
-150 56.1377 74.6284
-150 55.8193 74.7848
-150 55.4962 74.9327
-150 55.1684 75.0715
-150 54.8362 75.2009
-150 54.5001 75.3211
-150 54.1599 75.4311
-150 53.8165 75.5319
-150 53.4695 75.6217
-150 53.1198 75.702
-150 52.7673 75.7712
-150 52.4127 75.8305
-150 52.0561 75.8788
-150 51.6979 75.9165
-150 51.3385 75.9437
-150 50.9781 75.9596
-150 50.6172 75.9657
-150 50.2561 75.96
-150 49.8952 75.9445
-150 49.5347 75.9181
-150 49.175 75.8815
-150 48.8165 75.8349
-150 48.4594 75.7778
-150 48.1038 75.7116
-150 47.7502 75.6349
-150 47.3988 75.5496
-150 47.0499 75.4548
-150 46.7034 75.3513
-150 46.3597 75.2395
-150 46.0191 75.1192
-150 45.6813 74.9915
-150 45.3469 74.8555
-150 45.0157 74.7128
-150 44.6879 74.5628
-150 44.3634 74.4062
-150 44.0426 74.2434
-150 43.7252 74.0743
-150 43.4112 73.8998
-150 43.1011 73.7195
-150 42.7941 73.5343
-150 42.491 73.3439
-150 42.1913 73.1491
-150 41.895 72.9497
-150 41.6023 72.7465
-150 41.3127 72.5392
-150 41.0268 72.3283
-150 40.744 72.1141
-150 40.4645 71.8965
-150 40.1882 71.6763
-150 39.915 71.4528
-150 39.6448 71.2272
-150 39.3777 70.9988
-150 39.1134 70.7686
-150 38.8521 70.5359
-150 38.5934 70.3017
-150 38.3376 70.0655
-150 38.0843 69.828
-150 37.8337 69.5889
-150 37.5855 69.3486
-150 37.3399 69.107
-150 37.0965 68.8646
-150 36.8555 68.6212
-150 36.6167 68.377
-150 36.3802 68.1322
-150 36.1456 67.8868
-150 35.9133 67.641
-150 35.6828 67.3949
-150 35.4545 67.1486
-150 35.2278 66.9021
-150 35.0031 66.6555
-150 34.7802 66.4091
-150 34.559 66.1627
-150 34.3394 65.9166
-150 34.1215 65.6708
-150 33.9052 65.4254
-150 33.6903 65.1804
-150 33.4771 64.9359
-150 33.2652 64.6921
-150 33.0547 64.449
-150 32.8457 64.2065
-150 32.6379 63.9649
-150 32.4314 63.7242
-150 32.2262 63.4844
-150 32.0223 63.2457
-150 31.8194 63.0079
-150 31.6178 62.7713
-150 31.4173 62.5358
-150 31.2179 62.3016
-150 31.0196 62.0687
-150 30.8223 61.8371
-150 30.6261 61.607
-150 30.4308 61.3781
-150 30.2366 61.1509
-150 30.0432 60.9251
-150 29.8508 60.7009
-150 29.6594 60.4784
-150 29.4688 60.2575
-150 29.2791 60.0384
-150 29.0903 59.821
-150 28.9024 59.6053
-150 28.7154 59.3916
-150 28.5291 59.1797
-150 28.3436 58.9697
-150 28.1591 58.7618
-150 27.9753 58.5556
-150 27.7923 58.3516
-150 27.6102 58.1498
-150 27.4288 57.9499
-150 27.2481 57.7521
-150 27.0684 57.5566
-150 26.8895 57.3634
-150 26.7112 57.1721
-150 26.5338 56.9832
-150 26.3573 56.7968
-150 26.1815 56.6126
-150 26.0064 56.4306
-150 25.8322 56.251
-150 25.6589 56.0739
-150 25.4865 55.8993
-150 25.3148 55.727
-150 25.1439 55.5571
-150 24.9739 55.3897
-150 24.8048 55.2249
-150 24.6366 55.0627
-150 24.4694 54.9032
-150 24.303 54.7461
-150 24.1374 54.5915
-150 23.9728 54.4395
-150 23.8092 54.2902
-150 23.6466 54.1435
-150 23.485 53.9995
-150 23.3244 53.8582
-150 23.1649 53.7196
-150 23.0065 53.5837
-150 22.8492 53.4505
-150 22.693 53.3199
-150 22.5379 53.1921
-150 22.384 53.0669
-150 22.2312 52.9447
-150 22.0797 52.8251
-150 21.9294 52.7083
-150 21.7804 52.5941
-150 21.6328 52.4826
-150 21.4865 52.374
-150 21.3415 52.2683
-150 21.198 52.1652
-150 21.0561 52.0648
-150 20.9157 51.9671
-150 20.7763 51.8723
-150 20.6386 51.78
-150 20.5027 51.6902
-150 20.3683 51.6035
-150 20.2357 51.5196
-150 20.1048 51.438
-150 19.9753 51.3591
-150 19.8476 51.283
-150 19.722 51.2092
-150 19.5981 51.1385
-150 19.476 51.0701
-150 19.3559 51.0041
-150 19.2377 50.941
-150 19.1218 50.8799
-150 19.0075 50.8219
-150 18.8955 50.7658
-150 18.7855 50.7125
-150 18.6778 50.6613
-150 18.5722 50.6127
-150 18.469 50.5662
-150 18.368 50.5222
-150 18.2694 50.4801
-150 18.1729 50.4407
-150 18.0792 50.4025
-150 17.9873 50.3676
-150 17.8983 50.3338
-150 17.8116 50.3027
-150 17.7274 50.2733
-150 17.6462 50.2451
-150 17.5672 50.2202
-150 17.4912 50.1962
-150 17.4179 50.1736
-150 17.347 50.1539
-150 17.279 50.1351
-150 17.2141 50.117
-150 17.1513 50.1022
-150 17.0916 50.0882
-150 17.0349 50.0749
-150 16.9812 50.0626
-150 16.9302 50.0533
-150 16.8823 50.0447
-150 16.8375 50.0366
-150 16.7957 50.029
-150 16.757 50.0223
-150 16.721 50.0187
-150 16.688 50.0155
-150 16.6583 50.0125
-150 16.6316 50.0099
-150 16.6081 50.0076
-150 16.5877 50.0056
-150 16.5704 50.0039
-150 16.5563 50.0025
-150 16.5453 50.0014
-150 16.5375 50.0006
-150 16.5328 50.0002
-150 16.5312 50
-150 16.5328 49.9998
-150 16.5375 49.9994
-150 16.5453 49.9986
-150 16.5563 49.9975
-150 16.5704 49.9961
-150 16.5877 49.9944
-150 16.6081 49.9924
-150 16.6316 49.9901
-150 16.6583 49.9875
-150 16.688 49.9845
-150 16.721 49.9813
-150 16.757 49.9777
-150 16.7957 49.971
-150 16.8375 49.9634
-150 16.8823 49.9553
-150 16.9302 49.9467
-150 16.9812 49.9374
-150 17.0349 49.9251
-150 17.0916 49.9118
-150 17.1513 49.8978
-150 17.2141 49.883
-150 17.279 49.8649
-150 17.347 49.8461
-150 17.4179 49.8264
-150 17.4912 49.8038
-150 17.5672 49.7798
-150 17.6462 49.7549
-150 17.7274 49.7267
-150 17.8116 49.6973
-150 17.8983 49.6662
-150 17.9873 49.6324
-150 18.0792 49.5975
-150 18.1729 49.5593
-150 18.2694 49.5199
-150 18.368 49.4778
-150 18.469 49.4338
-150 18.5722 49.3873
-150 18.6778 49.3387
-150 18.7855 49.2875
-150 18.8955 49.2342
-150 19.0075 49.1781
-150 19.1218 49.1201
-150 19.2377 49.059
-150 19.3559 48.9959
-150 19.476 48.9299
-150 19.5981 48.8615
-150 19.722 48.7908
-150 19.8476 48.717
-150 19.9753 48.6409
-150 20.1048 48.562
-150 20.2357 48.4804
-150 20.3683 48.3965
-150 20.5027 48.3098
-150 20.6386 48.22
-150 20.7763 48.1277
-150 20.9157 48.0329
-150 21.0561 47.9352
-150 21.198 47.8348
-150 21.3415 47.7317
-150 21.4865 47.626
-150 21.6328 47.5174
-150 21.7804 47.4059
-150 21.9294 47.2917
-150 22.0797 47.1749
-150 22.2312 47.0553
-150 22.384 46.9331
-150 22.5379 46.8079
-150 22.693 46.6801
-150 22.8492 46.5495
-150 23.0065 46.4163
-150 23.1649 46.2804
-150 23.3244 46.1418
-150 23.485 46.0005
-150 23.6466 45.8565
-150 23.8092 45.7098
-150 23.9728 45.5605
-150 24.1374 45.4085
-150 24.303 45.2539
-150 24.4694 45.0968
-150 24.6366 44.9373
-150 24.8048 44.7751
-150 24.9739 44.6103
-150 25.1439 44.4429
-150 25.3148 44.273
-150 25.4865 44.1007
-150 25.6589 43.9261
-150 25.8322 43.749
-150 26.0064 43.5694
-150 26.1815 43.3874
-150 26.3573 43.2032
-150 26.5338 43.0168
-150 26.7112 42.8279
-150 26.8895 42.6366
-150 27.0684 42.4434
-150 27.2481 42.2479
-150 27.4288 42.0501
-150 27.6102 41.8502
-150 27.7923 41.6484
-150 27.9753 41.4444
-150 28.1591 41.2382
-150 28.3436 41.0303
-150 28.5291 40.8203
-150 28.7154 40.6084
-150 28.9024 40.3947
-150 29.0903 40.179
-150 29.2791 39.9616
-150 29.4688 39.7425
-150 29.6594 39.5216
-150 29.8508 39.2991
-150 30.0432 39.0749
-150 30.2366 38.8491
-150 30.4308 38.6219
-150 30.6261 38.393
-150 30.8223 38.1629
-150 31.0196 37.9313
-150 31.2179 37.6984
-150 31.4173 37.4642
-150 31.6178 37.2287
-150 31.8194 36.9921
-150 32.0223 36.7543
-150 32.2262 36.5156
-150 32.4314 36.2758
-150 32.6379 36.0351
-150 32.8457 35.7935
-150 33.0547 35.551
-150 33.2652 35.3079
-150 33.4771 35.0641
-150 33.6903 34.8196
-150 33.9052 34.5746
-150 34.1215 34.3292
-150 34.3394 34.0834
-150 34.559 33.8373
-150 34.7802 33.5909
-150 35.0031 33.3445
-150 35.2278 33.0979
-150 35.4545 32.8514
-150 35.6828 32.6051
-150 35.9133 32.359
-150 36.1456 32.1132
-150 36.3802 31.8678
-150 36.6167 31.623
-150 36.8555 31.3788
-150 37.0965 31.1354
-150 37.3399 30.893
-150 37.5855 30.6514
-150 37.8337 30.4111
-150 38.0843 30.172
-150 38.3376 29.9345
-150 38.5934 29.6983
-150 38.8521 29.4641
-150 39.1134 29.2314
-150 39.3777 29.0012
-150 39.6448 28.7728
-150 39.915 28.5472
-150 40.1882 28.3237
-150 40.4645 28.1035
-150 40.744 27.8859
-150 41.0268 27.6717
-150 41.3127 27.4608
-150 41.6023 27.2535
-150 41.895 27.0503
-150 42.1913 26.8509
-150 42.491 26.6561
-150 42.7941 26.4657
-150 43.1011 26.2805
-150 43.4112 26.1002
-150 43.7252 25.9257
-150 44.0426 25.7566
-150 44.3634 25.5938
-150 44.6879 25.4372
-150 45.0157 25.2872
-150 45.3469 25.1445
-150 45.6813 25.0085
-150 46.0191 24.8808
-150 46.3597 24.7605
-150 46.7034 24.6487
-150 47.0499 24.5452
-150 47.3988 24.4504
-150 47.7502 24.3651
-150 48.1038 24.2884
-150 48.4594 24.2222
-150 48.8165 24.1651
-150 49.175 24.1185
-150 49.5347 24.0819
-150 49.8952 24.0555
-150 50.2561 24.04
-150 50.6172 24.0343
-150 50.9781 24.0404
-150 51.3385 24.0563
-150 51.6979 24.0835
-150 52.0561 24.1212
-150 52.4127 24.1695
-150 52.7673 24.2288
-150 53.1198 24.298
-150 53.4695 24.3783
-150 53.8165 24.4681
-150 54.1599 24.5689
-150 54.5001 24.6789
-150 54.8362 24.7991
-150 55.1684 24.9285
-150 55.4962 25.0673
-150 55.8193 25.2152
-150 56.1377 25.3716
-150 56.4508 25.5371
-150 56.7589 25.7102
-150 57.0612 25.8922
-150 57.3583 26.0811
-150 57.649 26.2784
-150 57.9343 26.4822
-150 58.213 26.6936
-150 58.4858 26.9112
-150 58.7518 27.1357
-150 59.0117 27.366
-150 59.2646 27.6027
-150 59.5111 27.8447
-150 59.7504 28.0925
-150 59.9832 28.3452
-150 60.2085 28.6032
-150 60.4271 28.8655
-150 60.6381 29.1327
-150 60.8424 29.4037
-150 61.0386 29.6791
-150 61.2282 29.9579
-150 61.4096 30.2407
-150 61.5841 30.5264
-150 61.7506 30.8154
-150 61.9098 31.1072
-150 62.0613 31.4016
-150 62.2049 31.6984
-150 62.3413 31.9973
-150 62.4692 32.2984
-150 62.59 32.6009
-150 62.7026 32.9052
-150 62.8075 33.2107
-150 62.9049 33.5172
-150 62.9939 33.8246
-150 63.0758 34.1326
-150 63.1493 34.4411
-150 63.2153 34.7497
-150 63.274 35.0582
-150 63.3241 35.3666
-150 63.3671 35.6744
-150 63.4027 35.9816
-150 63.4301 36.288
-150 63.4504 36.5933
-150 63.4636 36.8972
-150 63.4688 37.1996
-150 63.4671 37.5003
-150 63.4587 37.7992
-150 63.4425 38.096
-150 63.4197 38.3905
-150 63.3903 38.6826
-150 63.3544 38.9721
-150 63.3114 39.2587
-150 63.2623 39.5424
-150 63.2073 39.823
-150 63.1462 40.1004
-150 63.0787 40.3743
-150 63.0057 40.6448
-150 62.9274 40.9116
-150 62.8439 41.1748
-150 62.755 41.434
-150 62.6609 41.6891
-150 62.5622 41.9403
-150 62.459 42.1873
-150 62.3514 42.4302
-150 62.2398 42.6688
-150 62.1241 42.903
-150 62.0043 43.1328
-150 61.8809 43.3581
-150 61.7542 43.579
-150 61.6244 43.7955
-150 61.4915 44.0074
-150 61.3559 44.2148
-150 61.2176 44.4177
-150 61.0769 44.6161
-150 60.9339 44.81
-150 60.7888 44.9993
-150 60.6419 45.1841
-150 60.4932 45.3644
-150 60.3429 45.5402
-150 60.1912 45.7116
-150 60.0383 45.8786
-150 59.8843 46.0412
-150 59.7294 46.1995
-150 59.5738 46.3534
-150 59.4175 46.5032
-150 59.2608 46.6487
-150 59.1038 46.7901
-150 58.9465 46.9275
-150 58.7893 47.0608
-150 58.6322 47.1902
-150 58.4753 47.3157
-150 58.3187 47.4373
-150 58.1622 47.5549
-150 58.0063 47.6688
-150 57.8511 47.7791
-150 57.6967 47.8859
-150 57.5433 47.9892
-150 57.3907 48.0888
-150 57.2391 48.1848
-150 57.0887 48.2775
-150 56.9397 48.3672
-150 56.7919 48.4536
-150 56.6452 48.5365
-150 56.5001 48.6166
-150 56.3567 48.6938
-150 56.2149 48.7676
-150 56.0747 48.8385
-150 55.9364 48.9069
-150 55.7997 48.9723
-150 55.6649 49.0349
-150 55.5324 49.0952
-150 55.4016 49.1524
-150 55.2729 49.2073
-150 55.1463 49.26
-150 55.022 49.3096
-150 54.9002 49.3576
-150 54.78 49.4027
-150 54.6624 49.4461
-150 54.5473 49.4869
-150 54.4347 49.5258
-150 54.3243 49.5626
-150 54.2165 49.5975
-150 54.1111 49.6303
-150 54.0085 49.6616
-150 53.9083 49.6905
-150 53.8111 49.7185
-150 53.7162 49.7437
-150 53.6242 49.7682
-150 53.5349 49.7905
-150 53.4483 49.8114
-150 53.3647 49.8315
-150 53.2837 49.849
-150 53.2057 49.8659
-150 53.1307 49.8818
-150 53.0582 49.8954
-150 52.9889 49.9085
-150 52.9225 49.921
-150 52.8589 49.9312
-150 52.7984 49.9407
-150 52.741 49.9498
-150 52.6866 49.9581
-150 52.6351 49.9644
-150 52.5866 49.9702
-150 52.5413 49.9756
-150 52.4991 49.9807
-150 52.46 49.9853
-150 52.4239 49.9876
-150 52.391 49.9898
-150 52.3612 49.9917
-150 52.3345 49.9934
-150 52.311 49.995
-150 52.2906 49.9963
-150 52.2733 49.9974
-150 52.2592 49.9984
-150 52.2482 49.9991
-150 52.2403 49.9996
-150 52.2356 49.9999
52.2341 50 6.02647e-312
52.2356 50.0001 5.77183e-312
52.2403 50.0004 5.79305e-312
52.2482 50.0009 6.04769e-312
52.2592 50.0016 5.79305e-312
52.2733 50.0026 5.81427e-312
52.2906 50.0037 6.06891e-312
52.311 50.005 5.81427e-312
52.3345 50.0066 5.83549e-312
52.3612 50.0083 6.09013e-312
52.391 50.0102 5.83549e-312
52.4239 50.0124 5.60207e-312
52.46 50.0147 6.11135e-312
52.4991 50.0193 5.85671e-312
52.5413 50.0244 5.87793e-312
52.5866 50.0298 6.13257e-312
52.6351 50.0356 1.65751e-153
52.6866 50.0419 3.59905e+179
52.741 50.0502 4.43802e-38
52.7984 50.0593 1.0854e-71
52.8589 50.0688 5.92037e-312
52.9225 50.079 6.17501e-312
52.9889 50.0915 5.92037e-312
53.0582 50.1046 5.94159e-312
53.1307 50.1182 6.19623e-312
53.2057 50.1341 5.94159e-312
53.2837 50.151 5.96281e-312
53.3647 50.1685 6.21745e-312
53.4483 50.1886 5.96281e-312
53.5349 50.2095 5.98403e-312
53.6242 50.2318 6.23867e-312
53.7162 50.2563 5.98403e-312
53.8111 50.2815 6.00525e-312
53.9083 50.3095 6.25989e-312
54.0085 50.3384 6.00525e-312
54.1111 50.3697 6.02647e-312
54.2165 50.4025 6.28111e-312
54.3243 50.4374 6.02647e-312
54.4347 50.4742 6.04769e-312
54.5473 50.5131 6.30233e-312
54.6624 50.5539 6.04769e-312
54.78 50.5973 6.06891e-312
54.9002 50.6424 6.32355e-312
55.022 50.6904 6.06891e-312
55.1463 50.74 6.09013e-312
55.2729 50.7927 6.34477e-312
55.4016 50.8476 6.09013e-312
55.5324 50.9048 5.85671e-312
55.6649 50.9651 6.36599e-312
55.7997 51.0277 6.11135e-312
55.9364 51.0931 6.13257e-312
56.0747 51.1615 6.38721e-312
56.2149 51.2324 6.13257e-312
56.3567 51.3062 6.15379e-312
56.5001 51.3834 6.40843e-312
56.6452 51.4635 6.15379e-312
56.7919 51.5464 6.17501e-312
56.9397 51.6328 6.42965e-312
57.0887 51.7225 6.17501e-312
57.2391 51.8152 6.19623e-312
57.3907 51.9112 6.45087e-312
57.5433 52.0108 6.19623e-312
57.6967 52.1141 6.21745e-312
57.8511 52.2209 6.47209e-312
58.0063 52.3312 6.21745e-312
58.1622 52.4451 6.23867e-312
58.3187 52.5627 6.49331e-312
58.4753 52.6843 6.23867e-312
58.6322 52.8098 6.25989e-312
58.7893 52.9392 6.51453e-312
58.9465 53.0725 6.25989e-312
59.1038 53.2099 6.28111e-312
59.2608 53.3513 6.53575e-312
59.4175 53.4968 6.28111e-312
59.5738 53.6466 6.30233e-312
59.7294 53.8005 6.55697e-312
59.8843 53.9588 6.30233e-312
60.0383 54.1214 6.32355e-312
60.1912 54.2884 6.57819e-312
60.3429 54.4598 6.32355e-312
60.4932 54.6356 6.34477e-312
60.6419 54.8159 6.59941e-312
60.7888 55.0007 6.34477e-312
60.9339 55.19 6.11135e-312
61.0769 55.3839 6.62063e-312
61.2176 55.5823 6.36599e-312
61.3559 55.7852 6.38721e-312
61.4915 55.9926 6.64185e-312
61.6244 56.2045 6.38721e-312
61.7542 56.421 6.40843e-312
61.8809 56.6419 6.66307e-312
62.0043 56.8672 6.40843e-312
62.1241 57.097 6.42965e-312
62.2398 57.3312 6.68429e-312
62.3514 57.5698 6.42965e-312
62.459 57.8127 6.45087e-312
62.5622 58.0597 6.70551e-312
62.6609 58.3109 6.45087e-312
62.755 58.566 6.47209e-312
62.8439 58.8252 6.72673e-312
62.9274 59.0884 6.47209e-312
63.0057 59.3552 6.49331e-312
63.0787 59.6257 6.74795e-312
63.1462 59.8996 6.49331e-312
63.2073 60.177 6.51453e-312
63.2623 60.4576 6.76917e-312
63.3114 60.7413 6.51453e-312
63.3544 61.0279 6.53575e-312
63.3903 61.3174 6.79039e-312
63.4197 61.6095 6.53575e-312
63.4425 61.904 6.55697e-312
63.4587 62.2008 6.81161e-312
63.4671 62.4997 6.55697e-312
63.4688 62.8004 6.57819e-312
63.4636 63.1028 6.83283e-312
63.4504 63.4067 6.57819e-312
63.4301 63.712 6.59941e-312
63.4027 64.0184 6.85405e-312
63.3671 64.3256 6.59941e-312
63.3241 64.6334 6.36599e-312
63.274 64.9418 6.87527e-312
63.2153 65.2503 6.62063e-312
63.1493 65.5589 6.64185e-312
63.0758 65.8674 6.89649e-312
62.9939 66.1754 6.64185e-312
62.9049 66.4828 6.66307e-312
62.8075 66.7893 6.91771e-312
62.7026 67.0948 6.66307e-312
62.59 67.3991 6.68429e-312
62.4692 67.7016 6.93893e-312
62.3413 68.0027 6.68429e-312
62.2049 68.3016 6.70551e-312
62.0613 68.5984 6.96015e-312
61.9098 68.8928 6.70551e-312
61.7506 69.1846 6.72673e-312
61.5841 69.4736 6.98137e-312
61.4096 69.7593 6.72673e-312
61.2282 70.0421 6.74795e-312
61.0386 70.3209 7.00259e-312
60.8424 70.5963 6.74795e-312
60.6381 70.8673 6.76917e-312
60.4271 71.1345 7.02381e-312
60.2085 71.3968 6.76917e-312
59.9832 71.6548 6.79039e-312
59.7504 71.9075 7.04503e-312
59.5111 72.1553 6.79039e-312
59.2646 72.3973 6.81161e-312
59.0117 72.634 7.06625e-312
58.7518 72.8643 6.81161e-312
58.4858 73.0888 6.83283e-312
58.213 73.3064 7.08747e-312
57.9343 73.5178 6.83283e-312
57.649 73.7216 6.85405e-312
57.3583 73.9189 7.10869e-312
57.0612 74.1078 6.85405e-312
56.7589 74.2898 6.62063e-312
56.4508 74.4629 7.12991e-312
56.1377 74.6284 6.87527e-312
55.8193 74.7848 6.89649e-312
55.4962 74.9327 7.15113e-312
55.1684 75.0715 6.89649e-312
54.8362 75.2009 6.91771e-312
54.5001 75.3211 7.17235e-312
54.1599 75.4311 6.91771e-312
53.8165 75.5319 6.93893e-312
53.4695 75.6217 7.19357e-312
53.1198 75.702 6.93893e-312
52.7673 75.7712 6.96015e-312
52.4127 75.8305 7.21479e-312
52.0561 75.8788 6.96015e-312
51.6979 75.9165 6.98137e-312
51.3385 75.9437 7.23601e-312
50.9781 75.9596 6.98137e-312
50.6172 75.9657 7.00259e-312
50.2561 75.96 7.25723e-312
49.8952 75.9445 7.00259e-312
49.5347 75.9181 7.02381e-312
49.175 75.8815 7.27845e-312
48.8165 75.8349 7.02381e-312
48.4594 75.7778 7.04503e-312
48.1038 75.7116 7.29967e-312
47.7502 75.6349 7.04503e-312
47.3988 75.5496 7.06625e-312
47.0499 75.4548 7.32089e-312
46.7034 75.3513 7.06625e-312
46.3597 75.2395 7.08747e-312
46.0191 75.1192 7.34211e-312
45.6813 74.9915 7.08747e-312
45.3469 74.8555 7.10869e-312
45.0157 74.7128 7.36333e-312
44.6879 74.5628 7.10869e-312
44.3634 74.4062 6.87527e-312
44.0426 74.2434 7.38455e-312
43.7252 74.0743 7.12991e-312
43.4112 73.8998 7.15113e-312
43.1011 73.7195 7.40577e-312
42.7941 73.5343 7.15113e-312
42.491 73.3439 7.17235e-312
42.1913 73.1491 7.42699e-312
41.895 72.9497 7.17235e-312
41.6023 72.7465 7.19357e-312
41.3127 72.5392 7.44821e-312
41.0268 72.3283 7.19357e-312
40.744 72.1141 7.21479e-312
40.4645 71.8965 7.46943e-312
40.1882 71.6763 7.21479e-312
39.915 71.4528 7.23601e-312
39.6448 71.2272 7.49065e-312
39.3777 70.9988 7.23601e-312
39.1134 70.7686 7.25723e-312
38.8521 70.5359 7.51187e-312
38.5934 70.3017 7.25723e-312
38.3376 70.0655 7.27845e-312
38.0843 69.828 7.53309e-312
37.8337 69.5889 7.27845e-312
37.5855 69.3486 7.29967e-312
37.3399 69.107 7.55431e-312
37.0965 68.8646 7.29967e-312
36.8555 68.6212 7.32089e-312
36.6167 68.377 7.57552e-312
36.3802 68.1322 7.32089e-312
36.1456 67.8868 7.34211e-312
35.9133 67.641 7.59674e-312
35.6828 67.3949 7.34211e-312
35.4545 67.1486 7.36333e-312
35.2278 66.9021 7.61796e-312
35.0031 66.6555 7.36333e-312
34.7802 66.4091 7.12991e-312
34.559 66.1627 7.63918e-312
34.3394 65.9166 7.38455e-312
34.1215 65.6708 7.40577e-312
33.9052 65.4254 7.6604e-312
33.6903 65.1804 7.40577e-312
33.4771 64.9359 7.42699e-312
33.2652 64.6921 7.68162e-312
33.0547 64.449 7.42699e-312
32.8457 64.2065 7.44821e-312
32.6379 63.9649 7.70284e-312
32.4314 63.7242 7.44821e-312
32.2262 63.4844 7.46943e-312
32.0223 63.2457 7.72406e-312
31.8194 63.0079 7.46943e-312
31.6178 62.7713 7.49065e-312
31.4173 62.5358 7.74528e-312
31.2179 62.3016 7.49065e-312
31.0196 62.0687 7.51187e-312
30.8223 61.8371 7.7665e-312
30.6261 61.607 7.51187e-312
30.4308 61.3781 7.53309e-312
30.2366 61.1509 7.78772e-312
30.0432 60.9251 7.53309e-312
29.8508 60.7009 7.55431e-312
29.6594 60.4784 7.80894e-312
29.4688 60.2575 7.55431e-312
29.2791 60.0384 7.57552e-312
29.0903 59.821 7.83016e-312
28.9024 59.6053 7.57552e-312
28.7154 59.3916 7.59674e-312
28.5291 59.1797 7.85138e-312
28.3436 58.9697 7.59674e-312
28.1591 58.7618 7.61796e-312
27.9753 58.5556 7.8726e-312
27.7923 58.3516 7.61796e-312
27.6102 58.1498 7.38455e-312
27.4288 57.9499 7.89382e-312
27.2481 57.7521 7.63918e-312
27.0684 57.5566 7.6604e-312
26.8895 57.3634 7.91504e-312
26.7112 57.1721 7.6604e-312
26.5338 56.9832 7.68162e-312
26.3573 56.7968 7.93626e-312
26.1815 56.6126 7.68162e-312
26.0064 56.4306 7.70284e-312
25.8322 56.251 7.95748e-312
25.6589 56.0739 7.70284e-312
25.4865 55.8993 7.72406e-312
25.3148 55.727 7.9787e-312
25.1439 55.5571 7.72406e-312
24.9739 55.3897 7.74528e-312
24.8048 55.2249 7.99992e-312
24.6366 55.0627 7.74528e-312
24.4694 54.9032 7.7665e-312
24.303 54.7461 8.02114e-312
24.1374 54.5915 7.7665e-312
23.9728 54.4395 7.78772e-312
23.8092 54.2902 8.04236e-312
23.6466 54.1435 7.78772e-312
23.485 53.9995 7.80894e-312
23.3244 53.8582 8.06358e-312
23.1649 53.7196 7.80894e-312
23.0065 53.5837 7.83016e-312
22.8492 53.4505 8.0848e-312
22.693 53.3199 7.83016e-312
22.5379 53.1921 7.85138e-312
22.384 53.0669 8.10602e-312
22.2312 52.9447 7.85138e-312
22.0797 52.8251 7.8726e-312
21.9294 52.7083 8.12724e-312
21.7804 52.5941 7.8726e-312
21.6328 52.4826 7.63918e-312
21.4865 52.374 8.14846e-312
21.3415 52.2683 7.89382e-312
21.198 52.1652 7.91504e-312
21.0561 52.0648 8.16968e-312
20.9157 51.9671 7.91504e-312
20.7763 51.8723 7.93626e-312
20.6386 51.78 8.1909e-312
20.5027 51.6902 7.93626e-312
20.3683 51.6035 7.95748e-312
20.2357 51.5196 8.21212e-312
20.1048 51.438 7.95748e-312
19.9753 51.3591 7.9787e-312
19.8476 51.283 8.23334e-312
19.722 51.2092 7.9787e-312
19.5981 51.1385 7.99992e-312
19.476 51.0701 8.25456e-312
19.3559 51.0041 7.99992e-312
19.2377 50.941 8.02114e-312
19.1218 50.8799 8.27578e-312
19.0075 50.8219 8.02114e-312
18.8955 50.7658 8.04236e-312
18.7855 50.7125 8.297e-312
18.6778 50.6613 8.04236e-312
18.5722 50.6127 8.06358e-312
18.469 50.5662 8.31822e-312
18.368 50.5222 8.06358e-312
18.2694 50.4801 8.0848e-312
18.1729 50.4407 8.33944e-312
18.0792 50.4025 8.0848e-312
17.9873 50.3676 8.10602e-312
17.8983 50.3338 8.36066e-312
17.8116 50.3027 8.10602e-312
17.7274 50.2733 8.12724e-312
17.6462 50.2451 8.38188e-312
17.5672 50.2202 8.12724e-312
17.4912 50.1962 7.89382e-312
17.4179 50.1736 8.4031e-312
17.347 50.1539 8.14846e-312
17.279 50.1351 8.16968e-312
17.2141 50.117 8.42432e-312
17.1513 50.1022 8.16968e-312
17.0916 50.0882 8.1909e-312
17.0349 50.0749 8.44554e-312
16.9812 50.0626 8.1909e-312
16.9302 50.0533 8.21212e-312
16.8823 50.0447 8.46676e-312
16.8375 50.0366 8.21212e-312
16.7957 50.029 8.23334e-312
16.757 50.0223 8.48798e-312
16.721 50.0187 8.23334e-312
16.688 50.0155 8.25456e-312
16.6583 50.0125 8.5092e-312
16.6316 50.0099 8.25456e-312
16.6081 50.0076 8.27578e-312
16.5877 50.0056 8.53042e-312
16.5704 50.0039 8.27578e-312
16.5563 50.0025 8.297e-312
16.5453 50.0014 8.55164e-312
16.5375 50.0006 8.297e-312
16.5328 50.0002 8.31822e-312
16.5312 50 8.57286e-312
16.5328 49.9998 8.31822e-312
16.5375 49.9994 8.33944e-312
16.5453 49.9986 8.59408e-312
16.5563 49.9975 8.33944e-312
16.5704 49.9961 8.36066e-312
16.5877 49.9944 8.6153e-312
16.6081 49.9924 8.36066e-312
16.6316 49.9901 8.38188e-312
16.6583 49.9875 8.63652e-312
16.688 49.9845 8.38188e-312
16.721 49.9813 8.14846e-312
16.757 49.9777 8.65774e-312
16.7957 49.971 8.4031e-312
16.8375 49.9634 8.42432e-312
16.8823 49.9553 8.67896e-312
16.9302 49.9467 8.42432e-312
16.9812 49.9374 8.44554e-312
17.0349 49.9251 8.70018e-312
17.0916 49.9118 8.44554e-312
17.1513 49.8978 8.46676e-312
17.2141 49.883 8.7214e-312
17.279 49.8649 8.46676e-312
17.347 49.8461 8.48798e-312
17.4179 49.8264 8.74262e-312
17.4912 49.8038 8.48798e-312
17.5672 49.7798 8.5092e-312
17.6462 49.7549 8.76384e-312
17.7274 49.7267 8.5092e-312
17.8116 49.6973 8.53042e-312
17.8983 49.6662 8.78506e-312
17.9873 49.6324 8.53042e-312
18.0792 49.5975 8.55164e-312
18.1729 49.5593 8.80628e-312
18.2694 49.5199 8.55164e-312
18.368 49.4778 8.57286e-312
18.469 49.4338 8.8275e-312
18.5722 49.3873 8.57286e-312
18.6778 49.3387 8.59408e-312
18.7855 49.2875 8.84872e-312
18.8955 49.2342 8.59408e-312
19.0075 49.1781 8.6153e-312
19.1218 49.1201 8.86994e-312
19.2377 49.059 8.6153e-312
19.3559 48.9959 8.63652e-312
19.476 48.9299 8.89116e-312
19.5981 48.8615 8.63652e-312
19.722 48.7908 8.4031e-312
19.8476 48.717 8.91238e-312
19.9753 48.6409 8.65774e-312
20.1048 48.562 8.67896e-312
20.2357 48.4804 8.9336e-312
20.3683 48.3965 8.67896e-312
20.5027 48.3098 8.70018e-312
20.6386 48.22 8.95482e-312
20.7763 48.1277 8.70018e-312
20.9157 48.0329 8.7214e-312
21.0561 47.9352 8.97604e-312
21.198 47.8348 8.7214e-312
21.3415 47.7317 8.74262e-312
21.4865 47.626 8.99726e-312
21.6328 47.5174 8.74262e-312
21.7804 47.4059 8.76384e-312
21.9294 47.2917 9.01848e-312
22.0797 47.1749 8.76384e-312
22.2312 47.0553 8.78506e-312
22.384 46.9331 9.0397e-312
22.5379 46.8079 8.78506e-312
22.693 46.6801 8.80628e-312
22.8492 46.5495 9.06092e-312
23.0065 46.4163 8.80628e-312
23.1649 46.2804 8.8275e-312
23.3244 46.1418 9.08214e-312
23.485 46.0005 8.8275e-312
23.6466 45.8565 8.84872e-312
23.8092 45.7098 9.10336e-312
23.9728 45.5605 8.84872e-312
24.1374 45.4085 8.86994e-312
24.303 45.2539 9.12458e-312
24.4694 45.0968 8.86994e-312
24.6366 44.9373 8.89116e-312
24.8048 44.7751 9.1458e-312
24.9739 44.6103 8.89116e-312
25.1439 44.4429 8.65774e-312
25.3148 44.273 9.16702e-312
25.4865 44.1007 8.91238e-312
25.6589 43.9261 8.9336e-312
25.8322 43.749 9.18824e-312
26.0064 43.5694 8.9336e-312
26.1815 43.3874 8.95482e-312
26.3573 43.2032 9.20946e-312
26.5338 43.0168 8.95482e-312
26.7112 42.8279 8.97604e-312
26.8895 42.6366 9.23068e-312
27.0684 42.4434 8.97604e-312
27.2481 42.2479 8.99726e-312
27.4288 42.0501 9.2519e-312
27.6102 41.8502 8.99726e-312
27.7923 41.6484 9.01848e-312
27.9753 41.4444 9.27312e-312
28.1591 41.2382 9.01848e-312
28.3436 41.0303 9.0397e-312
28.5291 40.8203 9.29434e-312
28.7154 40.6084 9.0397e-312
28.9024 40.3947 9.06092e-312
29.0903 40.179 9.31556e-312
29.2791 39.9616 9.06092e-312
29.4688 39.7425 9.08214e-312
29.6594 39.5216 9.33678e-312
29.8508 39.2991 9.08214e-312
30.0432 39.0749 9.10336e-312
30.2366 38.8491 9.358e-312
30.4308 38.6219 9.10336e-312
30.6261 38.393 9.12458e-312
30.8223 38.1629 9.37922e-312
31.0196 37.9313 9.12458e-312
31.2179 37.6984 9.1458e-312
31.4173 37.4642 9.40044e-312
31.6178 37.2287 9.1458e-312
31.8194 36.9921 8.91238e-312
32.0223 36.7543 9.42166e-312
32.2262 36.5156 9.16702e-312
32.4314 36.2758 9.18824e-312
32.6379 36.0351 9.44288e-312
32.8457 35.7935 9.18824e-312
33.0547 35.551 9.20946e-312
33.2652 35.3079 9.4641e-312
33.4771 35.0641 9.20946e-312
33.6903 34.8196 9.23068e-312
33.9052 34.5746 9.48532e-312
34.1215 34.3292 9.23068e-312
34.3394 34.0834 9.2519e-312
34.559 33.8373 9.50654e-312
34.7802 33.5909 9.2519e-312
35.0031 33.3445 9.27312e-312
35.2278 33.0979 9.52776e-312
35.4545 32.8514 9.27312e-312
35.6828 32.6051 9.29434e-312
35.9133 32.359 9.54898e-312
36.1456 32.1132 9.29434e-312
36.3802 31.8678 9.31556e-312
36.6167 31.623 9.5702e-312
36.8555 31.3788 9.31556e-312
37.0965 31.1354 9.33678e-312
37.3399 30.893 9.59142e-312
37.5855 30.6514 9.33678e-312
37.8337 30.4111 9.358e-312
38.0843 30.172 9.61264e-312
38.3376 29.9345 9.358e-312
38.5934 29.6983 9.37922e-312
38.8521 29.4641 9.63386e-312
39.1134 29.2314 9.37922e-312
39.3777 29.0012 9.40044e-312
39.6448 28.7728 9.65508e-312
39.915 28.5472 9.40044e-312
40.1882 28.3237 9.16702e-312
40.4645 28.1035 9.6763e-312
40.744 27.8859 9.42166e-312
41.0268 27.6717 9.44288e-312
41.3127 27.4608 9.69752e-312
41.6023 27.2535 9.44288e-312
41.895 27.0503 9.4641e-312
42.1913 26.8509 9.71874e-312
42.491 26.6561 9.4641e-312
42.7941 26.4657 9.48532e-312
43.1011 26.2805 9.73996e-312
43.4112 26.1002 9.48532e-312
43.7252 25.9257 9.50654e-312
44.0426 25.7566 0
44.3634 25.5938 9.50654e-312
44.6879 25.4372 0
45.0157 25.2872 9.7824e-312
45.3469 25.1445 9.52776e-312
45.6813 25.0085 9.54898e-312
46.0191 24.8808 9.80362e-312
46.3597 24.7605 9.54898e-312
46.7034 24.6487 9.5702e-312
47.0499 24.5452 9.82484e-312
47.3988 24.4504 9.5702e-312
47.7502 24.3651 9.59142e-312
48.1038 24.2884 9.84606e-312
48.4594 24.2222 9.59142e-312
48.8165 24.1651 9.61264e-312
49.175 24.1185 9.86728e-312
49.5347 24.0819 9.61264e-312
49.8952 24.0555 9.63386e-312
50.2561 24.04 9.8885e-312
50.6172 24.0343 9.63386e-312
50.9781 24.0404 9.65508e-312
51.3385 24.0563 9.90972e-312
51.6979 24.0835 9.65508e-312
52.0561 24.1212 9.42166e-312
52.4127 24.1695 9.93094e-312
52.7673 24.2288 9.6763e-312
53.1198 24.298 9.69752e-312
53.4695 24.3783 9.95216e-312
53.8165 24.4681 9.69752e-312
54.1599 24.5689 9.71874e-312
54.5001 24.6789 9.97338e-312
54.8362 24.7991 9.71874e-312
55.1684 24.9285 9.73996e-312
55.4962 25.0673 9.9946e-312
55.8193 25.2152 9.73996e-312
56.1377 25.3716 9.76118e-312
56.4508 25.5371 1.00158e-311
56.7589 25.7102 9.76118e-312
57.0612 25.8922 9.7824e-312
57.3583 26.0811 1.0037e-311
57.649 26.2784 9.7824e-312
57.9343 26.4822 9.80362e-312
58.213 26.6936 1.00583e-311
58.4858 26.9112 9.80362e-312
58.7518 27.1357 9.82484e-312
59.0117 27.366 1.00795e-311
59.2646 27.6027 9.82484e-312
59.5111 27.8447 9.84606e-312
59.7504 28.0925 1.01007e-311
59.9832 28.3452 9.84606e-312
60.2085 28.6032 9.86728e-312
60.4271 28.8655 1.01219e-311
60.6381 29.1327 9.86728e-312
60.8424 29.4037 9.8885e-312
61.0386 29.6791 1.01431e-311
61.2282 29.9579 9.8885e-312
61.4096 30.2407 9.90972e-312
61.5841 30.5264 1.01644e-311
61.7506 30.8154 9.90972e-312
61.9098 31.1072 9.6763e-312
62.0613 31.4016 1.01856e-311
62.2049 31.6984 9.93094e-312
62.3413 31.9973 9.95216e-312
62.4692 32.2984 1.02068e-311
62.59 32.6009 9.95216e-312
62.7026 32.9052 9.97338e-312
62.8075 33.2107 1.0228e-311
62.9049 33.5172 9.97338e-312
62.9939 33.8246 9.9946e-312
63.0758 34.1326 1.02492e-311
63.1493 34.4411 9.9946e-312
63.2153 34.7497 1.00158e-311
63.274 35.0582 1.02705e-311
63.3241 35.3666 1.00158e-311
63.3671 35.6744 1.0037e-311
63.4027 35.9816 1.02917e-311
63.4301 36.288 1.0037e-311
63.4504 36.5933 1.00583e-311
63.4636 36.8972 1.03129e-311
63.4688 37.1996 1.00583e-311
63.4671 37.5003 1.00795e-311
63.4587 37.7992 1.03341e-311
63.4425 38.096 1.00795e-311
63.4197 38.3905 1.01007e-311
63.3903 38.6826 1.03553e-311
63.3544 38.9721 1.01007e-311
63.3114 39.2587 1.01219e-311
63.2623 39.5424 1.03766e-311
63.2073 39.823 1.01219e-311
63.1462 40.1004 1.01431e-311
63.0787 40.3743 1.03978e-311
63.0057 40.6448 1.01431e-311
62.9274 40.9116 1.01644e-311
62.8439 41.1748 1.0419e-311
62.755 41.434 1.01644e-311
62.6609 41.6891 9.93094e-312
62.5622 41.9403 1.04402e-311
62.459 42.1873 1.01856e-311
62.3514 42.4302 1.02068e-311
62.2398 42.6688 1.04614e-311
62.1241 42.903 1.02068e-311
62.0043 43.1328 1.0228e-311
61.8809 43.3581 1.04827e-311
61.7542 43.579 1.0228e-311
61.6244 43.7955 1.02492e-311
61.4915 44.0074 1.05039e-311
61.3559 44.2148 1.02492e-311
61.2176 44.4177 1.02705e-311
61.0769 44.6161 1.05251e-311
60.9339 44.81 1.02705e-311
60.7888 44.9993 1.02917e-311
60.6419 45.1841 1.05463e-311
60.4932 45.3644 1.02917e-311
60.3429 45.5402 1.03129e-311
60.1912 45.7116 1.05675e-311
60.0383 45.8786 1.03129e-311
59.8843 46.0412 1.03341e-311
59.7294 46.1995 1.05888e-311
59.5738 46.3534 1.03341e-311
59.4175 46.5032 1.03553e-311
59.2608 46.6487 1.061e-311
59.1038 46.7901 1.03553e-311
58.9465 46.9275 1.03766e-311
58.7893 47.0608 1.06312e-311
58.6322 47.1902 1.03766e-311
58.4753 47.3157 1.03978e-311
58.3187 47.4373 1.06524e-311
58.1622 47.5549 1.03978e-311
58.0063 47.6688 1.0419e-311
57.8511 47.7791 1.06736e-311
57.6967 47.8859 1.0419e-311
57.5433 47.9892 1.01856e-311
57.3907 48.0888 1.06949e-311
57.2391 48.1848 1.04402e-311
57.0887 48.2775 1.04614e-311
56.9397 48.3672 1.07161e-311
56.7919 48.4536 1.04614e-311
56.6452 48.5365 1.04827e-311
56.5001 48.6166 1.07373e-311
56.3567 48.6938 1.04827e-311
56.2149 48.7676 1.05039e-311
56.0747 48.8385 1.07585e-311
55.9364 48.9069 1.05039e-311
55.7997 48.9723 1.05251e-311
55.6649 49.0349 1.07797e-311
55.5324 49.0952 1.05251e-311
55.4016 49.1524 1.05463e-311
55.2729 49.2073 1.0801e-311
55.1463 49.26 1.05463e-311
55.022 49.3096 1.05675e-311
54.9002 49.3576 1.08222e-311
54.78 49.4027 1.05675e-311
54.6624 49.4461 1.05888e-311
54.5473 49.4869 1.08434e-311
54.4347 49.5258 1.05888e-311
54.3243 49.5626 1.061e-311
54.2165 49.5975 1.08646e-311
54.1111 49.6303 1.061e-311
54.0085 49.6616 1.06312e-311
53.9083 49.6905 1.08858e-311
53.8111 49.7185 1.06312e-311
53.7162 49.7437 1.06524e-311
53.6242 49.7682 1.09071e-311
53.5349 49.7905 1.06524e-311
53.4483 49.8114 1.06736e-311
53.3647 49.8315 1.09283e-311
53.2837 49.849 1.06736e-311
53.2057 49.8659 1.04402e-311
53.1307 49.8818 1.09495e-311
53.0582 49.8954 1.06949e-311
52.9889 49.9085 1.07161e-311
52.9225 49.921 1.09707e-311
52.8589 49.9312 1.07161e-311
52.7984 49.9407 1.07373e-311
52.741 49.9498 1.09919e-311
52.6866 49.9581 1.07373e-311
52.6351 49.9644 1.07585e-311
52.5866 49.9702 1.10132e-311
52.5413 49.9756 1.07585e-311
52.4991 49.9807 1.07797e-311
52.46 49.9853 1.10344e-311
52.4239 49.9876 1.07797e-311
52.391 49.9898 1.0801e-311
52.3612 49.9917 1.10556e-311
52.3345 49.9934 1.0801e-311
52.311 49.995 1.08222e-311
52.2906 49.9963 1.10768e-311
52.2733 49.9974 1.08222e-311
52.2592 49.9984 1.08434e-311
52.2482 49.9991 1.1098e-311
52.2403 49.9996 1.08434e-311
52.2356 49.9999 1.08646e-311
50 6.02647e-312 2.54639e-313
50.0001 5.77183e-312 6.42285e-323
50.0004 5.79305e-312 2.122e-314
50.0009 6.04769e-312 2.75859e-313
50.0016 5.79305e-312 2.122e-314
50.0026 5.81427e-312 4.24399e-314
50.0037 6.06891e-312 2.97079e-313
50.005 5.81427e-312 4.24399e-314
50.0066 5.83549e-312 6.36599e-314
50.0083 6.09013e-312 3.18299e-313
50.0102 5.83549e-312 6.36599e-314
50.0124 5.60207e-312 8.48798e-314
50.0147 6.11135e-312 3.39519e-313
50.0193 5.85671e-312 8.48798e-314
50.0244 5.87793e-312 1.061e-313
50.0298 6.13257e-312 3.60739e-313
50.0356 1.65751e-153 1.061e-313
50.0419 3.59905e+179 1.2732e-313
50.0502 4.43802e-38 3.81959e-313
50.0593 1.0854e-71 1.2732e-313
50.0688 5.92037e-312 1.4854e-313
50.079 6.17501e-312 4.03179e-313
50.0915 5.92037e-312 1.4854e-313
50.1046 5.94159e-312 1.6976e-313
50.1182 6.19623e-312 4.24399e-313
50.1341 5.94159e-312 1.6976e-313
50.151 5.96281e-312 1.9098e-313
50.1685 6.21745e-312 4.45619e-313
50.1886 5.96281e-312 1.9098e-313
50.2095 5.98403e-312 2.122e-313
50.2318 6.23867e-312 4.66839e-313
50.2563 5.98403e-312 2.122e-313
50.2815 6.00525e-312 2.3342e-313
50.3095 6.25989e-312 4.88059e-313
50.3384 6.00525e-312 2.3342e-313
50.3697 6.02647e-312 5.92879e-323
50.4025 6.28111e-312 5.09279e-313
50.4374 6.02647e-312 2.54639e-313
50.4742 6.04769e-312 2.75859e-313
50.5131 6.30233e-312 5.30499e-313
50.5539 6.04769e-312 2.75859e-313
50.5973 6.06891e-312 2.97079e-313
50.6424 6.32355e-312 5.51719e-313
50.6904 6.06891e-312 2.97079e-313
50.74 6.09013e-312 3.18299e-313
50.7927 6.34477e-312 5.72939e-313
50.8476 6.09013e-312 3.18299e-313
50.9048 5.85671e-312 3.39519e-313
50.9651 6.36599e-312 5.94159e-313
51.0277 6.11135e-312 3.39519e-313
51.0931 6.13257e-312 3.60739e-313
51.1615 6.38721e-312 6.15379e-313
51.2324 6.13257e-312 3.60739e-313
51.3062 6.15379e-312 3.81959e-313
51.3834 6.40843e-312 6.36599e-313
51.4635 6.15379e-312 3.81959e-313
51.5464 6.17501e-312 4.03179e-313
51.6328 6.42965e-312 6.57819e-313
51.7225 6.17501e-312 4.03179e-313
51.8152 6.19623e-312 4.24399e-313
51.9112 6.45087e-312 6.79039e-313
52.0108 6.19623e-312 4.24399e-313
52.1141 6.21745e-312 4.45619e-313
52.2209 6.47209e-312 7.00259e-313
52.3312 6.21745e-312 4.45619e-313
52.4451 6.23867e-312 4.66839e-313
52.5627 6.49331e-312 7.21479e-313
52.6843 6.23867e-312 4.66839e-313
52.8098 6.25989e-312 4.88059e-313
52.9392 6.51453e-312 7.42699e-313
53.0725 6.25989e-312 4.88059e-313
53.2099 6.28111e-312 2.54639e-313
53.3513 6.53575e-312 7.63918e-313
53.4968 6.28111e-312 5.09279e-313
53.6466 6.30233e-312 5.30499e-313
53.8005 6.55697e-312 7.85138e-313
53.9588 6.30233e-312 5.30499e-313
54.1214 6.32355e-312 5.51719e-313
54.2884 6.57819e-312 8.06358e-313
54.4598 6.32355e-312 5.51719e-313
54.6356 6.34477e-312 5.72939e-313
54.8159 6.59941e-312 8.27578e-313
55.0007 6.34477e-312 5.72939e-313
55.19 6.11135e-312 5.94159e-313
55.3839 6.62063e-312 8.48798e-313
55.5823 6.36599e-312 5.94159e-313
55.7852 6.38721e-312 6.15379e-313
55.9926 6.64185e-312 8.70018e-313
56.2045 6.38721e-312 6.15379e-313
56.421 6.40843e-312 6.36599e-313
56.6419 6.66307e-312 8.91238e-313
56.8672 6.40843e-312 6.36599e-313
57.097 6.42965e-312 6.57819e-313
57.3312 6.68429e-312 9.12458e-313
57.5698 6.42965e-312 6.57819e-313
57.8127 6.45087e-312 6.79039e-313
58.0597 6.70551e-312 9.33678e-313
58.3109 6.45087e-312 6.79039e-313
58.566 6.47209e-312 7.00259e-313
58.8252 6.72673e-312 9.54898e-313
59.0884 6.47209e-312 7.00259e-313
59.3552 6.49331e-312 7.21479e-313
59.6257 6.74795e-312 9.76118e-313
59.8996 6.49331e-312 7.21479e-313
60.177 6.51453e-312 7.42699e-313
60.4576 6.76917e-312 9.97338e-313
60.7413 6.51453e-312 7.42699e-313
61.0279 6.53575e-312 5.09279e-313
61.3174 6.79039e-312 1.01856e-312
61.6095 6.53575e-312 7.63918e-313
61.904 6.55697e-312 7.85138e-313
62.2008 6.81161e-312 1.03978e-312
62.4997 6.55697e-312 7.85138e-313
62.8004 6.57819e-312 8.06358e-313
63.1028 6.83283e-312 1.061e-312
63.4067 6.57819e-312 8.06358e-313
63.712 6.59941e-312 8.27578e-313
64.0184 6.85405e-312 1.08222e-312
64.3256 6.59941e-312 8.27578e-313
64.6334 6.36599e-312 8.48798e-313
64.9418 6.87527e-312 1.10344e-312
65.2503 6.62063e-312 8.48798e-313
65.5589 6.64185e-312 8.70018e-313
65.8674 6.89649e-312 1.12466e-312
66.1754 6.64185e-312 8.70018e-313
66.4828 6.66307e-312 8.91238e-313
66.7893 6.91771e-312 1.14588e-312
67.0948 6.66307e-312 8.91238e-313
67.3991 6.68429e-312 9.12458e-313
67.7016 6.93893e-312 1.1671e-312
68.0027 6.68429e-312 9.12458e-313
68.3016 6.70551e-312 9.33678e-313
68.5984 6.96015e-312 1.18832e-312
68.8928 6.70551e-312 9.33678e-313
69.1846 6.72673e-312 9.54898e-313
69.4736 6.98137e-312 1.20954e-312
69.7593 6.72673e-312 9.54898e-313
70.0421 6.74795e-312 9.76118e-313
70.3209 7.00259e-312 1.23076e-312
70.5963 6.74795e-312 9.76118e-313
70.8673 6.76917e-312 9.97338e-313
71.1345 7.02381e-312 1.25198e-312
71.3968 6.76917e-312 9.97338e-313
71.6548 6.79039e-312 7.63918e-313
71.9075 7.04503e-312 1.2732e-312
72.1553 6.79039e-312 1.01856e-312
72.3973 6.81161e-312 1.03978e-312
72.634 7.06625e-312 1.29442e-312
72.8643 6.81161e-312 1.03978e-312
73.0888 6.83283e-312 1.061e-312
73.3064 7.08747e-312 1.31564e-312
73.5178 6.83283e-312 1.061e-312
73.7216 6.85405e-312 1.08222e-312
73.9189 7.10869e-312 1.33686e-312
74.1078 6.85405e-312 1.08222e-312
74.2898 6.62063e-312 1.10344e-312
74.4629 7.12991e-312 1.35808e-312
74.6284 6.87527e-312 1.10344e-312
74.7848 6.89649e-312 1.12466e-312
74.9327 7.15113e-312 1.3793e-312
75.0715 6.89649e-312 1.12466e-312
75.2009 6.91771e-312 1.14588e-312
75.3211 7.17235e-312 1.40052e-312
75.4311 6.91771e-312 1.14588e-312
75.5319 6.93893e-312 1.1671e-312
75.6217 7.19357e-312 1.42174e-312
75.702 6.93893e-312 1.1671e-312
75.7712 6.96015e-312 1.18832e-312
75.8305 7.21479e-312 1.44296e-312
75.8788 6.96015e-312 1.18832e-312
75.9165 6.98137e-312 1.20954e-312
75.9437 7.23601e-312 1.46418e-312
75.9596 6.98137e-312 1.20954e-312
75.9657 7.00259e-312 1.23076e-312
75.96 7.25723e-312 1.4854e-312
75.9445 7.00259e-312 1.23076e-312
75.9181 7.02381e-312 1.25198e-312
75.8815 7.27845e-312 1.50662e-312
75.8349 7.02381e-312 1.25198e-312
75.7778 7.04503e-312 1.01856e-312
75.7116 7.29967e-312 1.52784e-312
75.6349 7.04503e-312 1.2732e-312
75.5496 7.06625e-312 1.29442e-312
75.4548 7.32089e-312 1.54906e-312
75.3513 7.06625e-312 1.29442e-312
75.2395 7.08747e-312 1.31564e-312
75.1192 7.34211e-312 1.57028e-312
74.9915 7.08747e-312 1.31564e-312
74.8555 7.10869e-312 1.33686e-312
74.7128 7.36333e-312 1.5915e-312
74.5628 7.10869e-312 1.33686e-312
74.4062 6.87527e-312 1.35808e-312
74.2434 7.38455e-312 1.61272e-312
74.0743 7.12991e-312 1.35808e-312
73.8998 7.15113e-312 1.3793e-312
73.7195 7.40577e-312 1.63394e-312
73.5343 7.15113e-312 1.3793e-312
73.3439 7.17235e-312 1.40052e-312
73.1491 7.42699e-312 1.65516e-312
72.9497 7.17235e-312 1.40052e-312
72.7465 7.19357e-312 1.42174e-312
72.5392 7.44821e-312 1.67638e-312
72.3283 7.19357e-312 1.42174e-312
72.1141 7.21479e-312 1.44296e-312
71.8965 7.46943e-312 1.6976e-312
71.6763 7.21479e-312 1.44296e-312
71.4528 7.23601e-312 1.46418e-312
71.2272 7.49065e-312 1.71882e-312
70.9988 7.23601e-312 1.46418e-312
70.7686 7.25723e-312 1.4854e-312
70.5359 7.51187e-312 1.74004e-312
70.3017 7.25723e-312 1.4854e-312
70.0655 7.27845e-312 1.50662e-312
69.828 7.53309e-312 1.76126e-312
69.5889 7.27845e-312 1.50662e-312
69.3486 7.29967e-312 1.2732e-312
69.107 7.55431e-312 1.78248e-312
68.8646 7.29967e-312 1.52784e-312
68.6212 7.32089e-312 1.54906e-312
68.377 7.57552e-312 1.8037e-312
68.1322 7.32089e-312 1.54906e-312
67.8868 7.34211e-312 1.57028e-312
67.641 7.59674e-312 1.82492e-312
67.3949 7.34211e-312 1.57028e-312
67.1486 7.36333e-312 1.5915e-312
66.9021 7.61796e-312 1.84614e-312
66.6555 7.36333e-312 1.5915e-312
66.4091 7.12991e-312 1.61272e-312
66.1627 7.63918e-312 1.86736e-312
65.9166 7.38455e-312 1.61272e-312
65.6708 7.40577e-312 1.63394e-312
65.4254 7.6604e-312 1.88858e-312
65.1804 7.40577e-312 1.63394e-312
64.9359 7.42699e-312 1.65516e-312
64.6921 7.68162e-312 1.9098e-312
64.449 7.42699e-312 1.65516e-312
64.2065 7.44821e-312 1.67638e-312
63.9649 7.70284e-312 1.93102e-312
63.7242 7.44821e-312 1.67638e-312
63.4844 7.46943e-312 1.6976e-312
63.2457 7.72406e-312 1.95224e-312
63.0079 7.46943e-312 1.6976e-312
62.7713 7.49065e-312 1.71882e-312
62.5358 7.74528e-312 1.97346e-312
62.3016 7.49065e-312 1.71882e-312
62.0687 7.51187e-312 1.74004e-312
61.8371 7.7665e-312 1.99468e-312
61.607 7.51187e-312 1.74004e-312
61.3781 7.53309e-312 1.76126e-312
61.1509 7.78772e-312 2.0159e-312
60.9251 7.53309e-312 1.76126e-312
60.7009 7.55431e-312 1.52784e-312
60.4784 7.80894e-312 2.03712e-312
60.2575 7.55431e-312 1.78248e-312
60.0384 7.57552e-312 1.8037e-312
59.821 7.83016e-312 2.05834e-312
59.6053 7.57552e-312 1.8037e-312
59.3916 7.59674e-312 1.82492e-312
59.1797 7.85138e-312 2.07956e-312
58.9697 7.59674e-312 1.82492e-312
58.7618 7.61796e-312 1.84614e-312
58.5556 7.8726e-312 2.10078e-312
58.3516 7.61796e-312 1.84614e-312
58.1498 7.38455e-312 1.86736e-312
57.9499 7.89382e-312 2.122e-312
57.7521 7.63918e-312 1.86736e-312
57.5566 7.6604e-312 1.88858e-312
57.3634 7.91504e-312 2.14322e-312
57.1721 7.6604e-312 1.88858e-312
56.9832 7.68162e-312 1.9098e-312
56.7968 7.93626e-312 2.16444e-312
56.6126 7.68162e-312 1.9098e-312
56.4306 7.70284e-312 1.93102e-312
56.251 7.95748e-312 2.18566e-312
56.0739 7.70284e-312 1.93102e-312
55.8993 7.72406e-312 1.95224e-312
55.727 7.9787e-312 2.20688e-312
55.5571 7.72406e-312 1.95224e-312
55.3897 7.74528e-312 1.97346e-312
55.2249 7.99992e-312 2.2281e-312
55.0627 7.74528e-312 1.97346e-312
54.9032 7.7665e-312 1.99468e-312
54.7461 8.02114e-312 2.24932e-312
54.5915 7.7665e-312 1.99468e-312
54.4395 7.78772e-312 2.0159e-312
54.2902 8.04236e-312 2.27054e-312
54.1435 7.78772e-312 2.0159e-312
53.9995 7.80894e-312 1.78248e-312
53.8582 8.06358e-312 2.29176e-312
53.7196 7.80894e-312 2.03712e-312
53.5837 7.83016e-312 2.05834e-312
53.4505 8.0848e-312 2.31298e-312
53.3199 7.83016e-312 2.05834e-312
53.1921 7.85138e-312 2.07956e-312
53.0669 8.10602e-312 2.3342e-312
52.9447 7.85138e-312 2.07956e-312
52.8251 7.8726e-312 2.10078e-312
52.7083 8.12724e-312 2.35542e-312
52.5941 7.8726e-312 2.10078e-312
52.4826 7.63918e-312 2.122e-312
52.374 8.14846e-312 2.37664e-312
52.2683 7.89382e-312 2.122e-312
52.1652 7.91504e-312 2.14322e-312
52.0648 8.16968e-312 2.39786e-312
51.9671 7.91504e-312 2.14322e-312
51.8723 7.93626e-312 2.16444e-312
51.78 8.1909e-312 2.41908e-312
51.6902 7.93626e-312 2.16444e-312
51.6035 7.95748e-312 2.18566e-312
51.5196 8.21212e-312 2.4403e-312
51.438 7.95748e-312 2.18566e-312
51.3591 7.9787e-312 2.20688e-312
51.283 8.23334e-312 2.46152e-312
51.2092 7.9787e-312 2.20688e-312
51.1385 7.99992e-312 2.2281e-312
51.0701 8.25456e-312 2.48274e-312
51.0041 7.99992e-312 2.2281e-312
50.941 8.02114e-312 2.24932e-312
50.8799 8.27578e-312 2.50396e-312
50.8219 8.02114e-312 2.24932e-312
50.7658 8.04236e-312 2.27054e-312
50.7125 8.297e-312 2.52517e-312
50.6613 8.04236e-312 2.27054e-312
50.6127 8.06358e-312 2.03712e-312
50.5662 8.31822e-312 2.54639e-312
50.5222 8.06358e-312 2.29176e-312
50.4801 8.0848e-312 2.31298e-312
50.4407 8.33944e-312 2.56761e-312
50.4025 8.0848e-312 2.31298e-312
50.3676 8.10602e-312 2.3342e-312
50.3338 8.36066e-312 2.58883e-312
50.3027 8.10602e-312 2.3342e-312
50.2733 8.12724e-312 2.35542e-312
50.2451 8.38188e-312 2.61005e-312
50.2202 8.12724e-312 2.35542e-312
50.1962 7.89382e-312 2.37664e-312
50.1736 8.4031e-312 2.63127e-312
50.1539 8.14846e-312 2.37664e-312
50.1351 8.16968e-312 2.39786e-312
50.117 8.42432e-312 2.65249e-312
50.1022 8.16968e-312 2.39786e-312
50.0882 8.1909e-312 2.41908e-312
50.0749 8.44554e-312 2.67371e-312
50.0626 8.1909e-312 2.41908e-312
50.0533 8.21212e-312 2.4403e-312
50.0447 8.46676e-312 2.69493e-312
50.0366 8.21212e-312 2.4403e-312
50.029 8.23334e-312 2.46152e-312
50.0223 8.48798e-312 2.71615e-312
50.0187 8.23334e-312 2.46152e-312
50.0155 8.25456e-312 2.48274e-312
50.0125 8.5092e-312 2.73737e-312
50.0099 8.25456e-312 2.48274e-312
50.0076 8.27578e-312 2.50396e-312
50.0056 8.53042e-312 2.75859e-312
50.0039 8.27578e-312 2.50396e-312
50.0025 8.297e-312 2.52517e-312
50.0014 8.55164e-312 2.77981e-312
50.0006 8.297e-312 2.52517e-312
50.0002 8.31822e-312 2.29176e-312
50 8.57286e-312 2.80103e-312
49.9998 8.31822e-312 2.54639e-312
49.9994 8.33944e-312 2.56761e-312
49.9986 8.59408e-312 2.82225e-312
49.9975 8.33944e-312 2.56761e-312
49.9961 8.36066e-312 2.58883e-312
49.9944 8.6153e-312 2.84347e-312
49.9924 8.36066e-312 2.58883e-312
49.9901 8.38188e-312 2.61005e-312
49.9875 8.63652e-312 2.86469e-312
49.9845 8.38188e-312 2.61005e-312
49.9813 8.14846e-312 2.63127e-312
49.9777 8.65774e-312 2.88591e-312
49.971 8.4031e-312 2.63127e-312
49.9634 8.42432e-312 2.65249e-312
49.9553 8.67896e-312 2.90713e-312
49.9467 8.42432e-312 2.65249e-312
49.9374 8.44554e-312 2.67371e-312
49.9251 8.70018e-312 2.92835e-312
49.9118 8.44554e-312 2.67371e-312
49.8978 8.46676e-312 2.69493e-312
49.883 8.7214e-312 2.94957e-312
49.8649 8.46676e-312 2.69493e-312
49.8461 8.48798e-312 2.71615e-312
49.8264 8.74262e-312 2.97079e-312
49.8038 8.48798e-312 2.71615e-312
49.7798 8.5092e-312 2.73737e-312
49.7549 8.76384e-312 2.99201e-312
49.7267 8.5092e-312 2.73737e-312
49.6973 8.53042e-312 2.75859e-312
49.6662 8.78506e-312 3.01323e-312
49.6324 8.53042e-312 2.75859e-312
49.5975 8.55164e-312 2.77981e-312
49.5593 8.80628e-312 3.03445e-312
49.5199 8.55164e-312 2.77981e-312
49.4778 8.57286e-312 2.54639e-312
49.4338 8.8275e-312 3.05567e-312
49.3873 8.57286e-312 2.80103e-312
49.3387 8.59408e-312 2.82225e-312
49.2875 8.84872e-312 3.07689e-312
49.2342 8.59408e-312 2.82225e-312
49.1781 8.6153e-312 2.84347e-312
49.1201 8.86994e-312 3.09811e-312
49.059 8.6153e-312 2.84347e-312
48.9959 8.63652e-312 2.86469e-312
48.9299 8.89116e-312 3.11933e-312
48.8615 8.63652e-312 2.86469e-312
48.7908 8.4031e-312 2.88591e-312
48.717 8.91238e-312 3.14055e-312
48.6409 8.65774e-312 2.88591e-312
48.562 8.67896e-312 2.90713e-312
48.4804 8.9336e-312 3.16177e-312
48.3965 8.67896e-312 2.90713e-312
48.3098 8.70018e-312 2.92835e-312
48.22 8.95482e-312 3.18299e-312
48.1277 8.70018e-312 2.92835e-312
48.0329 8.7214e-312 2.94957e-312
47.9352 8.97604e-312 3.20421e-312
47.8348 8.7214e-312 2.94957e-312
47.7317 8.74262e-312 2.97079e-312
47.626 8.99726e-312 3.22543e-312
47.5174 8.74262e-312 2.97079e-312
47.4059 8.76384e-312 2.99201e-312
47.2917 9.01848e-312 3.24665e-312
47.1749 8.76384e-312 2.99201e-312
47.0553 8.78506e-312 3.01323e-312
46.9331 9.0397e-312 3.26787e-312
46.8079 8.78506e-312 3.01323e-312
46.6801 8.80628e-312 3.03445e-312
46.5495 9.06092e-312 3.28909e-312
46.4163 8.80628e-312 3.03445e-312
46.2804 8.8275e-312 2.80103e-312
46.1418 9.08214e-312 3.31031e-312
46.0005 8.8275e-312 3.05567e-312
45.8565 8.84872e-312 3.07689e-312
45.7098 9.10336e-312 3.33153e-312
45.5605 8.84872e-312 3.07689e-312
45.4085 8.86994e-312 3.09811e-312
45.2539 9.12458e-312 3.35275e-312
45.0968 8.86994e-312 3.09811e-312
44.9373 8.89116e-312 3.11933e-312
44.7751 9.1458e-312 3.37397e-312
44.6103 8.89116e-312 3.11933e-312
44.4429 8.65774e-312 3.14055e-312
44.273 9.16702e-312 3.39519e-312
44.1007 8.91238e-312 3.14055e-312
43.9261 8.9336e-312 3.16177e-312
43.749 9.18824e-312 3.41641e-312
43.5694 8.9336e-312 3.16177e-312
43.3874 8.95482e-312 3.18299e-312
43.2032 9.20946e-312 3.43763e-312
43.0168 8.95482e-312 3.18299e-312
42.8279 8.97604e-312 3.20421e-312
42.6366 9.23068e-312 3.45885e-312
42.4434 8.97604e-312 3.20421e-312
42.2479 8.99726e-312 3.22543e-312
42.0501 9.2519e-312 3.48007e-312
41.8502 8.99726e-312 3.22543e-312
41.6484 9.01848e-312 3.24665e-312
41.4444 9.27312e-312 3.50129e-312
41.2382 9.01848e-312 3.24665e-312
41.0303 9.0397e-312 3.26787e-312
40.8203 9.29434e-312 3.52251e-312
40.6084 9.0397e-312 3.26787e-312
40.3947 9.06092e-312 3.28909e-312
40.179 9.31556e-312 3.54373e-312
39.9616 9.06092e-312 3.28909e-312
39.7425 9.08214e-312 3.05567e-312
39.5216 9.33678e-312 3.56495e-312
39.2991 9.08214e-312 3.31031e-312
39.0749 9.10336e-312 3.33153e-312
38.8491 9.358e-312 3.58617e-312
38.6219 9.10336e-312 3.33153e-312
38.393 9.12458e-312 3.35275e-312
38.1629 9.37922e-312 3.60739e-312
37.9313 9.12458e-312 3.35275e-312
37.6984 9.1458e-312 3.37397e-312
37.4642 9.40044e-312 3.62861e-312
37.2287 9.1458e-312 3.37397e-312
36.9921 8.91238e-312 3.39519e-312
36.7543 9.42166e-312 3.64983e-312
36.5156 9.16702e-312 3.39519e-312
36.2758 9.18824e-312 3.41641e-312
36.0351 9.44288e-312 3.67105e-312
35.7935 9.18824e-312 3.41641e-312
35.551 9.20946e-312 3.43763e-312
35.3079 9.4641e-312 3.69227e-312
35.0641 9.20946e-312 3.43763e-312
34.8196 9.23068e-312 3.45885e-312
34.5746 9.48532e-312 3.71349e-312
34.3292 9.23068e-312 3.45885e-312
34.0834 9.2519e-312 3.48007e-312
33.8373 9.50654e-312 3.73471e-312
33.5909 9.2519e-312 3.48007e-312
33.3445 9.27312e-312 3.50129e-312
33.0979 9.52776e-312 3.75593e-312
32.8514 9.27312e-312 3.50129e-312
32.6051 9.29434e-312 3.52251e-312
32.359 9.54898e-312 3.77715e-312
32.1132 9.29434e-312 3.52251e-312
31.8678 9.31556e-312 3.54373e-312
31.623 9.5702e-312 3.79837e-312
31.3788 9.31556e-312 3.54373e-312
31.1354 9.33678e-312 3.31031e-312
30.893 9.59142e-312 3.81959e-312
30.6514 9.33678e-312 3.56495e-312
30.4111 9.358e-312 3.58617e-312
30.172 9.61264e-312 3.84081e-312
29.9345 9.358e-312 3.58617e-312
29.6983 9.37922e-312 3.60739e-312
29.4641 9.63386e-312 3.86203e-312
29.2314 9.37922e-312 3.60739e-312
29.0012 9.40044e-312 3.62861e-312
28.7728 9.65508e-312 3.88325e-312
28.5472 9.40044e-312 3.62861e-312
28.3237 9.16702e-312 3.64983e-312
28.1035 9.6763e-312 3.90447e-312
27.8859 9.42166e-312 3.64983e-312
27.6717 9.44288e-312 3.67105e-312
27.4608 9.69752e-312 3.92569e-312
27.2535 9.44288e-312 3.67105e-312
27.0503 9.4641e-312 3.69227e-312
26.8509 9.71874e-312 3.94691e-312
26.6561 9.4641e-312 3.69227e-312
26.4657 9.48532e-312 3.71349e-312
26.2805 9.73996e-312 3.96813e-312
26.1002 9.48532e-312 3.71349e-312
25.9257 9.50654e-312 3.73471e-312
25.7566 0 3.98935e-312
25.5938 9.50654e-312 3.73471e-312
25.4372 0 3.75593e-312
25.2872 9.7824e-312 4.01057e-312
25.1445 9.52776e-312 3.75593e-312
25.0085 9.54898e-312 3.77715e-312
24.8808 9.80362e-312 4.03179e-312
24.7605 9.54898e-312 3.77715e-312
24.6487 9.5702e-312 3.79837e-312
24.5452 9.82484e-312 4.05301e-312
24.4504 9.5702e-312 3.79837e-312
24.3651 9.59142e-312 3.56495e-312
24.2884 9.84606e-312 4.07423e-312
24.2222 9.59142e-312 3.81959e-312
24.1651 9.61264e-312 3.84081e-312
24.1185 9.86728e-312 4.09545e-312
24.0819 9.61264e-312 3.84081e-312
24.0555 9.63386e-312 3.86203e-312
24.04 9.8885e-312 4.11667e-312
24.0343 9.63386e-312 3.86203e-312
24.0404 9.65508e-312 3.88325e-312
24.0563 9.90972e-312 4.13789e-312
24.0835 9.65508e-312 3.88325e-312
24.1212 9.42166e-312 3.90447e-312
24.1695 9.93094e-312 4.15911e-312
24.2288 9.6763e-312 3.90447e-312
24.298 9.69752e-312 3.92569e-312
24.3783 9.95216e-312 4.18033e-312
24.4681 9.69752e-312 3.92569e-312
24.5689 9.71874e-312 3.94691e-312
24.6789 9.97338e-312 4.20155e-312
24.7991 9.71874e-312 3.94691e-312
24.9285 9.73996e-312 3.96813e-312
25.0673 9.9946e-312 4.22277e-312
25.2152 9.73996e-312 3.96813e-312
25.3716 9.76118e-312 3.98935e-312
25.5371 1.00158e-311 4.24399e-312
25.7102 9.76118e-312 3.98935e-312
25.8922 9.7824e-312 4.01057e-312
26.0811 1.0037e-311 4.26521e-312
26.2784 9.7824e-312 4.01057e-312
26.4822 9.80362e-312 4.03179e-312
26.6936 1.00583e-311 4.28643e-312
26.9112 9.80362e-312 4.03179e-312
27.1357 9.82484e-312 4.05301e-312
27.366 1.00795e-311 4.30765e-312
27.6027 9.82484e-312 4.05301e-312
27.8447 9.84606e-312 3.81959e-312
28.0925 1.01007e-311 4.32887e-312
28.3452 9.84606e-312 4.07423e-312
28.6032 9.86728e-312 4.09545e-312
28.8655 1.01219e-311 4.35009e-312
29.1327 9.86728e-312 4.09545e-312
29.4037 9.8885e-312 4.11667e-312
29.6791 1.01431e-311 4.37131e-312
29.9579 9.8885e-312 4.11667e-312
30.2407 9.90972e-312 4.13789e-312
30.5264 1.01644e-311 4.39253e-312
30.8154 9.90972e-312 4.13789e-312
31.1072 9.6763e-312 4.15911e-312
31.4016 1.01856e-311 4.41375e-312
31.6984 9.93094e-312 4.15911e-312
31.9973 9.95216e-312 4.18033e-312
32.2984 1.02068e-311 4.43497e-312
32.6009 9.95216e-312 4.18033e-312
32.9052 9.97338e-312 4.20155e-312
33.2107 1.0228e-311 4.45619e-312
33.5172 9.97338e-312 4.20155e-312
33.8246 9.9946e-312 4.22277e-312
34.1326 1.02492e-311 4.47741e-312
34.4411 9.9946e-312 4.22277e-312
34.7497 1.00158e-311 4.24399e-312
35.0582 1.02705e-311 4.49863e-312
35.3666 1.00158e-311 4.24399e-312
35.6744 1.0037e-311 4.26521e-312
35.9816 1.02917e-311 4.51985e-312
36.288 1.0037e-311 4.26521e-312
36.5933 1.00583e-311 4.28643e-312
36.8972 1.03129e-311 4.54107e-312
37.1996 1.00583e-311 4.28643e-312
37.5003 1.00795e-311 4.30765e-312
37.7992 1.03341e-311 4.56229e-312
38.096 1.00795e-311 4.30765e-312
38.3905 1.01007e-311 4.07423e-312
38.6826 1.03553e-311 4.58351e-312
38.9721 1.01007e-311 4.32887e-312
39.2587 1.01219e-311 4.35009e-312
39.5424 1.03766e-311 4.60473e-312
39.823 1.01219e-311 4.35009e-312
40.1004 1.01431e-311 4.37131e-312
40.3743 1.03978e-311 4.62595e-312
40.6448 1.01431e-311 4.37131e-312
40.9116 1.01644e-311 4.39253e-312
41.1748 1.0419e-311 4.64717e-312
41.434 1.01644e-311 4.39253e-312
41.6891 9.93094e-312 4.41375e-312
41.9403 1.04402e-311 4.66839e-312
42.1873 1.01856e-311 4.41375e-312
42.4302 1.02068e-311 4.43497e-312
42.6688 1.04614e-311 4.68961e-312
42.903 1.02068e-311 4.43497e-312
43.1328 1.0228e-311 4.45619e-312
43.3581 1.04827e-311 4.71083e-312
43.579 1.0228e-311 4.45619e-312
43.7955 1.02492e-311 4.47741e-312
44.0074 1.05039e-311 4.73205e-312
44.2148 1.02492e-311 4.47741e-312
44.4177 1.02705e-311 4.49863e-312
44.6161 1.05251e-311 4.75327e-312
44.81 1.02705e-311 4.49863e-312
44.9993 1.02917e-311 4.51985e-312
45.1841 1.05463e-311 4.77449e-312
45.3644 1.02917e-311 4.51985e-312
45.5402 1.03129e-311 4.54107e-312
45.7116 1.05675e-311 4.79571e-312
45.8786 1.03129e-311 4.54107e-312
46.0412 1.03341e-311 4.56229e-312
46.1995 1.05888e-311 4.81693e-312
46.3534 1.03341e-311 4.56229e-312
46.5032 1.03553e-311 4.32887e-312
46.6487 1.061e-311 4.83815e-312
46.7901 1.03553e-311 4.58351e-312
46.9275 1.03766e-311 4.60473e-312
47.0608 1.06312e-311 4.85937e-312
47.1902 1.03766e-311 4.60473e-312
47.3157 1.03978e-311 4.62595e-312
47.4373 1.06524e-311 4.88059e-312
47.5549 1.03978e-311 4.62595e-312
47.6688 1.0419e-311 4.64717e-312
47.7791 1.06736e-311 4.90181e-312
47.8859 1.0419e-311 4.64717e-312
47.9892 1.01856e-311 4.66839e-312
48.0888 1.06949e-311 4.92303e-312
48.1848 1.04402e-311 4.66839e-312
48.2775 1.04614e-311 4.68961e-312
48.3672 1.07161e-311 4.94425e-312
48.4536 1.04614e-311 4.68961e-312
48.5365 1.04827e-311 4.71083e-312
48.6166 1.07373e-311 4.96547e-312
48.6938 1.04827e-311 4.71083e-312
48.7676 1.05039e-311 4.73205e-312
48.8385 1.07585e-311 4.98669e-312
48.9069 1.05039e-311 4.73205e-312
48.9723 1.05251e-311 4.75327e-312
49.0349 1.07797e-311 5.00791e-312
49.0952 1.05251e-311 4.75327e-312
49.1524 1.05463e-311 4.77449e-312
49.2073 1.0801e-311 5.02913e-312
49.26 1.05463e-311 4.77449e-312
49.3096 1.05675e-311 4.79571e-312
49.3576 1.08222e-311 5.05035e-312
49.4027 1.05675e-311 4.79571e-312
49.4461 1.05888e-311 4.81693e-312
49.4869 1.08434e-311 5.07157e-312
49.5258 1.05888e-311 4.81693e-312
49.5626 1.061e-311 4.58351e-312
49.5975 1.08646e-311 5.09279e-312
49.6303 1.061e-311 4.83815e-312
49.6616 1.06312e-311 4.85937e-312
49.6905 1.08858e-311 5.11401e-312
49.7185 1.06312e-311 4.85937e-312
49.7437 1.06524e-311 4.88059e-312
49.7682 1.09071e-311 5.13523e-312
49.7905 1.06524e-311 4.88059e-312
49.8114 1.06736e-311 4.90181e-312
49.8315 1.09283e-311 5.15645e-312
49.849 1.06736e-311 4.90181e-312
49.8659 1.04402e-311 4.92303e-312
49.8818 1.09495e-311 5.17767e-312
49.8954 1.06949e-311 4.92303e-312
49.9085 1.07161e-311 4.94425e-312
49.921 1.09707e-311 5.19889e-312
49.9312 1.07161e-311 4.94425e-312
49.9407 1.07373e-311 4.96547e-312
49.9498 1.09919e-311 5.22011e-312
49.9581 1.07373e-311 4.96547e-312
49.9644 1.07585e-311 4.98669e-312
49.9702 1.10132e-311 5.24133e-312
49.9756 1.07585e-311 4.98669e-312
49.9807 1.07797e-311 5.00791e-312
49.9853 1.10344e-311 5.26255e-312
49.9876 1.07797e-311 5.00791e-312
49.9898 1.0801e-311 5.02913e-312
49.9917 1.10556e-311 5.28377e-312
49.9934 1.0801e-311 5.02913e-312
49.995 1.08222e-311 5.05035e-312
49.9963 1.10768e-311 5.30499e-312
49.9974 1.08222e-311 5.05035e-312
49.9984 1.08434e-311 5.07157e-312
49.9991 1.1098e-311 5.32621e-312
49.9996 1.08434e-311 5.07157e-312
49.9999 1.08646e-311 4.83815e-312
