720
-127.82 40 65.5262
-127.824 40.1935 65.5239
-127.837 40.3869 65.5168
-127.858 40.5798 65.505
-127.887 40.7722 65.4884
-127.925 40.9638 65.4672
-127.971 41.1545 65.4412
-128.026 41.344 65.4105
-128.089 41.5322 65.3751
-128.16 41.7188 65.3351
-128.24 41.9038 65.2904
-128.327 42.0868 65.241
-128.423 42.2678 65.187
-128.527 42.4465 65.1283
-128.639 42.6228 65.065
-128.759 42.7965 64.9972
-128.886 42.9673 64.9248
-129.022 43.1352 64.8478
-129.165 43.2999 64.7663
-129.316 43.4614 64.6804
-129.474 43.6193 64.5899
-129.64 43.7736 64.495
-129.813 43.924 64.3957
-129.993 44.0705 64.292
-130.18 44.2129 64.1839
-130.374 44.3509 64.0716
-130.575 44.4845 63.9549
-130.783 44.6135 63.834
-130.998 44.7378 63.7089
-131.219 44.8572 63.5796
-131.446 44.9716 63.4461
-131.679 45.0808 63.3086
-131.919 45.1847 63.167
-132.164 45.2833 63.0214
-132.415 45.3762 62.8718
-132.672 45.4635 62.7184
-132.934 45.5451 62.561
-133.201 45.6207 62.3998
-133.474 45.6904 62.2348
-133.751 45.754 62.0662
-134.034 45.8113 61.8938
-134.32 45.8624 61.7178
-134.612 45.9071 61.5382
-134.907 45.9453 61.3552
-135.207 45.9769 61.1686
-135.51 46.002 60.9787
-135.817 46.0203 60.7854
-136.128 46.0319 60.5889
-136.442 46.0366 60.3891
-136.759 46.0345 60.1861
-137.079 46.0254 59.9801
-137.401 46.0093 59.771
-137.726 45.9862 59.5589
-138.054 45.9561 59.3439
-138.384 45.9188 59.1261
-138.715 45.8744 58.9055
-139.049 45.8229 58.6822
-139.384 45.7642 58.4562
-139.72 45.6984 58.2277
-140.057 45.6253 57.9966
-140.396 45.5451 57.7631
-140.735 45.4577 57.5273
-141.074 45.3631 57.2891
-141.414 45.2614 57.0488
-141.754 45.1525 56.8063
-142.094 45.0366 56.5617
-142.434 44.9135 56.3151
-142.773 44.7834 56.0666
-143.112 44.6463 55.8162
-143.449 44.5022 55.5641
-143.786 44.3512 55.3103
-144.121 44.1934 55.0549
-144.455 44.0287 54.7979
-144.787 43.8574 54.5394
-145.117 43.6793 54.2796
-145.446 43.4947 54.0185
-145.772 43.3036 53.7561
-146.095 43.106 53.4926
-146.416 42.9021 53.2281
-146.734 42.692 52.9625
-147.05 42.4757 52.6961
-147.362 42.2534 52.4288
-147.67 42.0252 52.1608
-147.975 41.7911 51.8922
-148.277 41.5514 51.6229
-148.575 41.306 51.3532
-148.868 41.0552 51.0831
-149.158 40.7991 50.8126
-149.443 40.5377 50.5419
-149.724 40.2713 50.271
-150 40 50
-150.271 39.7239 49.729
-150.538 39.4432 49.4581
-150.799 39.158 49.1874
-151.055 38.8684 48.9169
-151.306 38.5747 48.6468
-151.551 38.277 48.3771
-151.791 37.9755 48.1078
-152.025 37.6703 47.8392
-152.253 37.3616 47.5712
-152.476 37.0495 47.3039
-152.692 36.7343 47.0375
-152.902 36.4161 46.7719
-153.106 36.0952 46.5074
-153.304 35.7716 46.2439
-153.495 35.4456 45.9815
-153.679 35.1174 45.7204
-153.857 34.7871 45.4606
-154.029 34.4549 45.2021
-154.193 34.1211 44.9451
-154.351 33.7858 44.6897
-154.502 33.4492 44.4359
-154.646 33.1116 44.1838
-154.783 32.7731 43.9334
-154.913 32.4339 43.6849
-155.037 32.0942 43.4383
-155.153 31.7542 43.1937
-155.261 31.4142 42.9512
-155.363 31.0743 42.7109
-155.458 30.7347 42.4727
-155.545 30.3956 42.2369
-155.625 30.0573 42.0034
-155.698 29.7199 41.7723
-155.764 29.3836 41.5438
-155.823 29.0487 41.3178
-155.874 28.7153 41.0945
-155.919 28.3837 40.8739
-155.956 28.054 40.6561
-155.986 27.7264 40.4411
-156.009 27.4012 40.229
-156.025 27.0785 40.0199
-156.034 26.7586 39.8139
-156.037 26.4416 39.6109
-156.032 26.1277 39.4111
-156.02 25.8171 39.2146
-156.002 25.51 39.0213
-155.977 25.2066 38.8314
-155.945 24.9071 38.6448
-155.907 24.6116 38.4618
-155.862 24.3204 38.2822
-155.811 24.0336 38.1062
-155.754 23.7513 37.9338
-155.69 23.4739 37.7652
-155.621 23.2014 37.6002
-155.545 22.934 37.439
-155.464 22.6718 37.2816
-155.376 22.4151 37.1282
-155.283 22.164 36.9786
-155.185 21.9187 36.833
-155.081 21.6792 36.6914
-154.972 21.4458 36.5539
-154.857 21.2185 36.4204
-154.738 20.9976 36.2911
-154.614 20.7832 36.166
-154.485 20.5754 36.0451
-154.351 20.3743 35.9284
-154.213 20.18 35.8161
-154.071 19.9928 35.708
-153.924 19.8126 35.6043
-153.774 19.6396 35.505
-153.619 19.4739 35.4101
-153.461 19.3157 35.3196
-153.3 19.1649 35.2337
-153.135 19.0218 35.1522
-152.967 18.8864 35.0752
-152.796 18.7587 35.0028
-152.623 18.6389 34.935
-152.447 18.5271 34.8717
-152.268 18.4232 34.813
-152.087 18.3274 34.759
-151.904 18.2397 34.7096
-151.719 18.1603 34.6649
-151.532 18.089 34.6249
-151.344 18.026 34.5895
-151.154 17.9714 34.5588
-150.964 17.9251 34.5328
-150.772 17.8872 34.5116
-150.58 17.8576 34.495
-150.387 17.8365 34.4832
-150.194 17.8239 34.4761
-150 17.8197 34.4738
-149.806 17.8239 34.4761
-149.613 17.8365 34.4832
-149.42 17.8576 34.495
-149.228 17.8872 34.5116
-149.036 17.9251 34.5328
-148.846 17.9714 34.5588
-148.656 18.026 34.5895
-148.468 18.089 34.6249
-148.281 18.1603 34.6649
-148.096 18.2397 34.7096
-147.913 18.3274 34.759
-147.732 18.4232 34.813
-147.553 18.5271 34.8717
-147.377 18.6389 34.935
-147.204 18.7587 35.0028
-147.033 18.8864 35.0752
-146.865 19.0218 35.1522
-146.7 19.1649 35.2337
-146.539 19.3157 35.3196
-146.381 19.4739 35.4101
-146.226 19.6396 35.505
-146.076 19.8126 35.6043
-145.929 19.9928 35.708
-145.787 20.18 35.8161
-145.649 20.3743 35.9284
-145.515 20.5754 36.0451
-145.386 20.7832 36.166
-145.262 20.9976 36.2911
-145.143 21.2185 36.4204
-145.028 21.4458 36.5539
-144.919 21.6792 36.6914
-144.815 21.9187 36.833
-144.717 22.164 36.9786
-144.624 22.4151 37.1282
-144.536 22.6718 37.2816
-144.455 22.934 37.439
-144.379 23.2014 37.6002
-144.31 23.4739 37.7652
-144.246 23.7513 37.9338
-144.189 24.0336 38.1062
-144.138 24.3204 38.2822
-144.093 24.6116 38.4618
-144.055 24.9071 38.6448
-144.023 25.2066 38.8314
-143.998 25.51 39.0213
-143.98 25.8171 39.2146
-143.968 26.1277 39.4111
-143.963 26.4416 39.6109
-143.966 26.7586 39.8139
-143.975 27.0785 40.0199
-143.991 27.4012 40.229
-144.014 27.7264 40.4411
-144.044 28.054 40.6561
-144.081 28.3837 40.8739
-144.126 28.7153 41.0945
-144.177 29.0487 41.3178
-144.236 29.3836 41.5438
-144.302 29.7199 41.7723
-144.375 30.0573 42.0034
-144.455 30.3956 42.2369
-144.542 30.7347 42.4727
-144.637 31.0743 42.7109
-144.739 31.4142 42.9512
-144.847 31.7542 43.1937
-144.963 32.0942 43.4383
-145.087 32.4339 43.6849
-145.217 32.7731 43.9334
-145.354 33.1116 44.1838
-145.498 33.4492 44.4359
-145.649 33.7858 44.6897
-145.807 34.1211 44.9451
-145.971 34.4549 45.2021
-146.143 34.7871 45.4606
-146.321 35.1174 45.7204
-146.505 35.4456 45.9815
-146.696 35.7716 46.2439
-146.894 36.0952 46.5074
-147.098 36.4161 46.7719
-147.308 36.7343 47.0375
-147.524 37.0495 47.3039
-147.747 37.3616 47.5712
-147.975 37.6703 47.8392
-148.209 37.9755 48.1078
-148.449 38.277 48.3771
-148.694 38.5747 48.6468
-148.945 38.8684 48.9169
-149.201 39.158 49.1874
-149.462 39.4432 49.4581
-149.729 39.7239 49.729
-150 40 50
-150.276 40.2713 50.271
-150.557 40.5377 50.5419
-150.842 40.7991 50.8126
-151.132 41.0552 51.0831
-151.425 41.306 51.3532
-151.723 41.5514 51.6229
-152.025 41.7911 51.8922
-152.33 42.0252 52.1608
-152.638 42.2534 52.4288
-152.95 42.4757 52.6961
-153.266 42.692 52.9625
-153.584 42.9021 53.2281
-153.905 43.106 53.4926
-154.228 43.3036 53.7561
-154.554 43.4947 54.0185
-154.883 43.6793 54.2796
-155.213 43.8574 54.5394
-155.545 44.0287 54.7979
-155.879 44.1934 55.0549
-156.214 44.3512 55.3103
-156.551 44.5022 55.5641
-156.888 44.6463 55.8162
-157.227 44.7834 56.0666
-157.566 44.9135 56.3151
-157.906 45.0366 56.5617
-158.246 45.1525 56.8063
-158.586 45.2614 57.0488
-158.926 45.3631 57.2891
-159.265 45.4577 57.5273
-159.604 45.5451 57.7631
-159.943 45.6253 57.9966
-160.28 45.6984 58.2277
-160.616 45.7642 58.4562
-160.951 45.8229 58.6822
-161.285 45.8744 58.9055
-161.616 45.9188 59.1261
-161.946 45.9561 59.3439
-162.274 45.9862 59.5589
-162.599 46.0093 59.771
-162.921 46.0254 59.9801
-163.241 46.0345 60.1861
-163.558 46.0366 60.3891
-163.872 46.0319 60.5889
-164.183 46.0203 60.7854
-164.49 46.002 60.9787
-164.793 45.9769 61.1686
-165.093 45.9453 61.3552
-165.388 45.9071 61.5382
-165.68 45.8624 61.7178
-165.966 45.8113 61.8938
-166.249 45.754 62.0662
-166.526 45.6904 62.2348
-166.799 45.6207 62.3998
-167.066 45.5451 62.561
-167.328 45.4635 62.7184
-167.585 45.3762 62.8718
-167.836 45.2833 63.0214
-168.081 45.1847 63.167
-168.321 45.0808 63.3086
-168.554 44.9716 63.4461
-168.781 44.8572 63.5796
-169.002 44.7378 63.7089
-169.217 44.6135 63.834
-169.425 44.4845 63.9549
-169.626 44.3509 64.0716
-169.82 44.2129 64.1839
-170.007 44.0705 64.292
-170.187 43.924 64.3957
-170.36 43.7736 64.495
-170.526 43.6193 64.5899
-170.684 43.4614 64.6804
-170.835 43.2999 64.7663
-170.978 43.1352 64.8478
-171.114 42.9673 64.9248
-171.241 42.7965 64.9972
-171.361 42.6228 65.065
-171.473 42.4465 65.1283
-171.577 42.2678 65.187
-171.673 42.0868 65.241
-171.76 41.9038 65.2904
-171.84 41.7188 65.3351
-171.911 41.5322 65.3751
-171.974 41.344 65.4105
-172.029 41.1545 65.4412
-172.075 40.9638 65.4672
-172.113 40.7722 65.4884
-172.142 40.5798 65.505
-172.163 40.3869 65.5168
-172.176 40.1935 65.5239
-172.18 40 65.5262
-172.176 39.8065 65.5239
-172.163 39.6131 65.5168
-172.142 39.4202 65.505
-172.113 39.2278 65.4884
-172.075 39.0362 65.4672
-172.029 38.8455 65.4412
-171.974 38.656 65.4105
-171.911 38.4678 65.3751
-171.84 38.2812 65.3351
-171.76 38.0962 65.2904
-171.673 37.9132 65.241
-171.577 37.7322 65.187
-171.473 37.5535 65.1283
-171.361 37.3772 65.065
-171.241 37.2035 64.9972
-171.114 37.0327 64.9248
-170.978 36.8648 64.8478
-170.835 36.7001 64.7663
-170.684 36.5386 64.6804
-170.526 36.3807 64.5899
-170.36 36.2264 64.495
-170.187 36.076 64.3957
-170.007 35.9295 64.292
-169.82 35.7871 64.1839
-169.626 35.6491 64.0716
-169.425 35.5155 63.9549
-169.217 35.3865 63.834
-169.002 35.2622 63.7089
-168.781 35.1428 63.5796
-168.554 35.0284 63.4461
-168.321 34.9192 63.3086
-168.081 34.8153 63.167
-167.836 34.7167 63.0214
-167.585 34.6238 62.8718
-167.328 34.5365 62.7184
-167.066 34.4549 62.561
-166.799 34.3793 62.3998
-166.526 34.3096 62.2348
-166.249 34.246 62.0662
-165.966 34.1887 61.8938
-165.68 34.1376 61.7178
-165.388 34.0929 61.5382
-165.093 34.0547 61.3552
-164.793 34.0231 61.1686
-164.49 33.998 60.9787
-164.183 33.9797 60.7854
-163.872 33.9681 60.5889
-163.558 33.9634 60.3891
-163.241 33.9655 60.1861
-162.921 33.9746 59.9801
-162.599 33.9907 59.771
-162.274 34.0138 59.5589
-161.946 34.0439 59.3439
-161.616 34.0812 59.1261
-161.285 34.1256 58.9055
-160.951 34.1771 58.6822
-160.616 34.2358 58.4562
-160.28 34.3016 58.2277
-159.943 34.3747 57.9966
-159.604 34.4549 57.7631
-159.265 34.5423 57.5273
-158.926 34.6369 57.2891
-158.586 34.7386 57.0488
-158.246 34.8475 56.8063
-157.906 34.9634 56.5617
-157.566 35.0865 56.3151
-157.227 35.2166 56.0666
-156.888 35.3537 55.8162
-156.551 35.4978 55.5641
-156.214 35.6488 55.3103
-155.879 35.8066 55.0549
-155.545 35.9713 54.7979
-155.213 36.1426 54.5394
-154.883 36.3207 54.2796
-154.554 36.5053 54.0185
-154.228 36.6964 53.7561
-153.905 36.894 53.4926
-153.584 37.0979 53.2281
-153.266 37.308 52.9625
-152.95 37.5243 52.6961
-152.638 37.7466 52.4288
-152.33 37.9748 52.1608
-152.025 38.2089 51.8922
-151.723 38.4486 51.6229
-151.425 38.694 51.3532
-151.132 38.9448 51.0831
-150.842 39.2009 50.8126
-150.557 39.4623 50.5419
-150.276 39.7287 50.271
-150 40 50
-149.729 40.2761 49.729
-149.462 40.5568 49.4581
-149.201 40.842 49.1874
-148.945 41.1316 48.9169
-148.694 41.4253 48.6468
-148.449 41.723 48.3771
-148.209 42.0245 48.1078
-147.975 42.3297 47.8392
-147.747 42.6384 47.5712
-147.524 42.9505 47.3039
-147.308 43.2657 47.0375
-147.098 43.5839 46.7719
-146.894 43.9048 46.5074
-146.696 44.2284 46.2439
-146.505 44.5544 45.9815
-146.321 44.8826 45.7204
-146.143 45.2129 45.4606
-145.971 45.5451 45.2021
-145.807 45.8789 44.9451
-145.649 46.2142 44.6897
-145.498 46.5508 44.4359
-145.354 46.8884 44.1838
-145.217 47.2269 43.9334
-145.087 47.5661 43.6849
-144.963 47.9058 43.4383
-144.847 48.2458 43.1937
-144.739 48.5858 42.9512
-144.637 48.9257 42.7109
-144.542 49.2653 42.4727
-144.455 49.6044 42.2369
-144.375 49.9427 42.0034
-144.302 50.2801 41.7723
-144.236 50.6164 41.5438
-144.177 50.9513 41.3178
-144.126 51.2847 41.0945
-144.081 51.6163 40.8739
-144.044 51.946 40.6561
-144.014 52.2736 40.4411
-143.991 52.5988 40.229
-143.975 52.9215 40.0199
-143.966 53.2414 39.8139
-143.963 53.5584 39.6109
-143.968 53.8723 39.4111
-143.98 54.1829 39.2146
-143.998 54.49 39.0213
-144.023 54.7934 38.8314
-144.055 55.0929 38.6448
-144.093 55.3884 38.4618
-144.138 55.6796 38.2822
-144.189 55.9664 38.1062
-144.246 56.2487 37.9338
-144.31 56.5261 37.7652
-144.379 56.7986 37.6002
-144.455 57.066 37.439
-144.536 57.3282 37.2816
-144.624 57.5849 37.1282
-144.717 57.836 36.9786
-144.815 58.0813 36.833
-144.919 58.3208 36.6914
-145.028 58.5542 36.5539
-145.143 58.7815 36.4204
-145.262 59.0024 36.2911
-145.386 59.2168 36.166
-145.515 59.4246 36.0451
-145.649 59.6257 35.9284
-145.787 59.82 35.8161
-145.929 60.0072 35.708
-146.076 60.1874 35.6043
-146.226 60.3604 35.505
-146.381 60.5261 35.4101
-146.539 60.6843 35.3196
-146.7 60.8351 35.2337
-146.865 60.9782 35.1522
-147.033 61.1136 35.0752
-147.204 61.2413 35.0028
-147.377 61.3611 34.935
-147.553 61.4729 34.8717
-147.732 61.5768 34.813
-147.913 61.6726 34.759
-148.096 61.7603 34.7096
-148.281 61.8397 34.6649
-148.468 61.911 34.6249
-148.656 61.974 34.5895
-148.846 62.0286 34.5588
-149.036 62.0749 34.5328
-149.228 62.1128 34.5116
-149.42 62.1424 34.495
-149.613 62.1635 34.4832
-149.806 62.1761 34.4761
-150 62.1803 34.4738
-150.194 62.1761 34.4761
-150.387 62.1635 34.4832
-150.58 62.1424 34.495
-150.772 62.1128 34.5116
-150.964 62.0749 34.5328
-151.154 62.0286 34.5588
-151.344 61.974 34.5895
-151.532 61.911 34.6249
-151.719 61.8397 34.6649
-151.904 61.7603 34.7096
-152.087 61.6726 34.759
-152.268 61.5768 34.813
-152.447 61.4729 34.8717
-152.623 61.3611 34.935
-152.796 61.2413 35.0028
-152.967 61.1136 35.0752
-153.135 60.9782 35.1522
-153.3 60.8351 35.2337
-153.461 60.6843 35.3196
-153.619 60.5261 35.4101
-153.774 60.3604 35.505
-153.924 60.1874 35.6043
-154.071 60.0072 35.708
-154.213 59.82 35.8161
-154.351 59.6257 35.9284
-154.485 59.4246 36.0451
-154.614 59.2168 36.166
-154.738 59.0024 36.2911
-154.857 58.7815 36.4204
-154.972 58.5542 36.5539
-155.081 58.3208 36.6914
-155.185 58.0813 36.833
-155.283 57.836 36.9786
-155.376 57.5849 37.1282
-155.464 57.3282 37.2816
-155.545 57.066 37.439
-155.621 56.7986 37.6002
-155.69 56.5261 37.7652
-155.754 56.2487 37.9338
-155.811 55.9664 38.1062
-155.862 55.6796 38.2822
-155.907 55.3884 38.4618
-155.945 55.0929 38.6448
-155.977 54.7934 38.8314
-156.002 54.49 39.0213
-156.02 54.1829 39.2146
-156.032 53.8723 39.4111
-156.037 53.5584 39.6109
-156.034 53.2414 39.8139
-156.025 52.9215 40.0199
-156.009 52.5988 40.229
-155.986 52.2736 40.4411
-155.956 51.946 40.6561
-155.919 51.6163 40.8739
-155.874 51.2847 41.0945
-155.823 50.9513 41.3178
-155.764 50.6164 41.5438
-155.698 50.2801 41.7723
-155.625 49.9427 42.0034
-155.545 49.6044 42.2369
-155.458 49.2653 42.4727
-155.363 48.9257 42.7109
-155.261 48.5858 42.9512
-155.153 48.2458 43.1937
-155.037 47.9058 43.4383
-154.913 47.5661 43.6849
-154.783 47.2269 43.9334
-154.646 46.8884 44.1838
-154.502 46.5508 44.4359
-154.351 46.2142 44.6897
-154.193 45.8789 44.9451
-154.029 45.5451 45.2021
-153.857 45.2129 45.4606
-153.679 44.8826 45.7204
-153.495 44.5544 45.9815
-153.304 44.2284 46.2439
-153.106 43.9048 46.5074
-152.902 43.5839 46.7719
-152.692 43.2657 47.0375
-152.476 42.9505 47.3039
-152.253 42.6384 47.5712
-152.025 42.3297 47.8392
-151.791 42.0245 48.1078
-151.551 41.723 48.3771
-151.306 41.4253 48.6468
-151.055 41.1316 48.9169
-150.799 40.842 49.1874
-150.538 40.5568 49.4581
-150.271 40.2761 49.729
-150 40 50
-149.724 39.7287 50.271
-149.443 39.4623 50.5419
-149.158 39.2009 50.8126
-148.868 38.9448 51.0831
-148.575 38.694 51.3532
-148.277 38.4486 51.6229
-147.975 38.2089 51.8922
-147.67 37.9748 52.1608
-147.362 37.7466 52.4288
-147.05 37.5243 52.6961
-146.734 37.308 52.9625
-146.416 37.0979 53.2281
-146.095 36.894 53.4926
-145.772 36.6964 53.7561
-145.446 36.5053 54.0185
-145.117 36.3207 54.2796
-144.787 36.1426 54.5394
-144.455 35.9713 54.7979
-144.121 35.8066 55.0549
-143.786 35.6488 55.3103
-143.449 35.4978 55.5641
-143.112 35.3537 55.8162
-142.773 35.2166 56.0666
-142.434 35.0865 56.3151
-142.094 34.9634 56.5617
-141.754 34.8475 56.8063
-141.414 34.7386 57.0488
-141.074 34.6369 57.2891
-140.735 34.5423 57.5273
-140.396 34.4549 57.7631
-140.057 34.3747 57.9966
-139.72 34.3016 58.2277
-139.384 34.2358 58.4562
-139.049 34.1771 58.6822
-138.715 34.1256 58.9055
-138.384 34.0812 59.1261
-138.054 34.0439 59.3439
-137.726 34.0138 59.5589
-137.401 33.9907 59.771
-137.079 33.9746 59.9801
-136.759 33.9655 60.1861
-136.442 33.9634 60.3891
-136.128 33.9681 60.5889
-135.817 33.9797 60.7854
-135.51 33.998 60.9787
-135.207 34.0231 61.1686
-134.907 34.0547 61.3552
-134.612 34.0929 61.5382
-134.32 34.1376 61.7178
-134.034 34.1887 61.8938
-133.751 34.246 62.0662
-133.474 34.3096 62.2348
-133.201 34.3793 62.3998
-132.934 34.4549 62.561
-132.672 34.5365 62.7184
-132.415 34.6238 62.8718
-132.164 34.7167 63.0214
-131.919 34.8153 63.167
-131.679 34.9192 63.3086
-131.446 35.0284 63.4461
-131.219 35.1428 63.5796
-130.998 35.2622 63.7089
-130.783 35.3865 63.834
-130.575 35.5155 63.9549
-130.374 35.6491 64.0716
-130.18 35.7871 64.1839
-129.993 35.9295 64.292
-129.813 36.076 64.3957
-129.64 36.2264 64.495
-129.474 36.3807 64.5899
-129.316 36.5386 64.6804
-129.165 36.7001 64.7663
-129.022 36.8648 64.8478
-128.886 37.0327 64.9248
-128.759 37.2035 64.9972
-128.639 37.3772 65.065
-128.527 37.5535 65.1283
-128.423 37.7322 65.187
-128.327 37.9132 65.241
-128.24 38.0962 65.2904
-128.16 38.2812 65.3351
-128.089 38.4678 65.3751
-128.026 38.656 65.4105
-127.971 38.8455 65.4412
-127.925 39.0362 65.4672
-127.887 39.2278 65.4884
-127.858 39.4202 65.505
-127.837 39.6131 65.5168
-127.824 39.8065 65.5239
40 65.5262 6.02647e-312
40.1935 65.5239 5.77183e-312
40.3869 65.5168 5.79305e-312
40.5798 65.505 6.04769e-312
40.7722 65.4884 5.79305e-312
40.9638 65.4672 5.81427e-312
41.1545 65.4412 6.06891e-312
41.344 65.4105 5.81427e-312
41.5322 65.3751 5.83549e-312
41.7188 65.3351 6.09013e-312
41.9038 65.2904 5.83549e-312
42.0868 65.241 5.60207e-312
42.2678 65.187 6.11135e-312
42.4465 65.1283 5.85671e-312
42.6228 65.065 5.87793e-312
42.7965 64.9972 6.13257e-312
42.9673 64.9248 1.8795e-153
43.1352 64.8478 3.76114e+179
43.2999 64.7663 1.03331e-47
43.4614 64.6804 1.0854e-71
43.6193 64.5899 2.122e-314
43.7736 64.495 4.24399e-314
43.924 64.3957 2.97079e-313
44.0705 64.292 4.24399e-314
44.2129 64.1839 6.36599e-314
44.3509 64.0716 3.18299e-313
44.4845 63.9549 6.36599e-314
44.6135 63.834 8.48798e-314
44.7378 63.7089 3.39519e-313
44.8572 63.5796 8.48798e-314
44.9716 63.4461 1.061e-313
45.0808 63.3086 3.60739e-313
45.1847 63.167 1.061e-313
45.2833 63.0214 1.2732e-313
45.3762 62.8718 3.81959e-313
45.4635 62.7184 1.2732e-313
45.5451 62.561 1.4854e-313
45.6207 62.3998 4.03179e-313
45.6904 62.2348 1.4854e-313
45.754 62.0662 1.6976e-313
45.8113 61.8938 4.24399e-313
45.8624 61.7178 1.6976e-313
45.9071 61.5382 1.9098e-313
45.9453 61.3552 4.45619e-313
45.9769 61.1686 1.9098e-313
46.002 60.9787 2.122e-313
46.0203 60.7854 4.66839e-313
46.0319 60.5889 2.122e-313
46.0366 60.3891 2.3342e-313
46.0345 60.1861 4.88059e-313
46.0254 59.9801 2.3342e-313
46.0093 59.771 5.92879e-323
45.9862 59.5589 5.09279e-313
45.9561 59.3439 2.54639e-313
45.9188 59.1261 2.75859e-313
45.8744 58.9055 5.30499e-313
45.8229 58.6822 2.75859e-313
45.7642 58.4562 2.97079e-313
45.6984 58.2277 5.51719e-313
45.6253 57.9966 2.97079e-313
45.5451 57.7631 3.18299e-313
45.4577 57.5273 5.72939e-313
45.3631 57.2891 3.18299e-313
45.2614 57.0488 3.39519e-313
45.1525 56.8063 5.94159e-313
45.0366 56.5617 3.39519e-313
44.9135 56.3151 3.60739e-313
44.7834 56.0666 6.15379e-313
44.6463 55.8162 3.60739e-313
44.5022 55.5641 3.81959e-313
44.3512 55.3103 6.36599e-313
44.1934 55.0549 3.81959e-313
44.0287 54.7979 4.03179e-313
43.8574 54.5394 6.57819e-313
43.6793 54.2796 4.03179e-313
43.4947 54.0185 4.24399e-313
43.3036 53.7561 6.79039e-313
43.106 53.4926 4.24399e-313
42.9021 53.2281 4.45619e-313
42.692 52.9625 7.00259e-313
42.4757 52.6961 4.45619e-313
42.2534 52.4288 4.66839e-313
42.0252 52.1608 7.21479e-313
41.7911 51.8922 4.66839e-313
41.5514 51.6229 4.88059e-313
41.306 51.3532 7.42699e-313
41.0552 51.0831 4.88059e-313
40.7991 50.8126 2.54639e-313
40.5377 50.5419 7.63918e-313
40.2713 50.271 5.09279e-313
40 50 5.30499e-313
39.7239 49.729 7.85138e-313
39.4432 49.4581 5.30499e-313
39.158 49.1874 5.51719e-313
38.8684 48.9169 8.06358e-313
38.5747 48.6468 5.51719e-313
38.277 48.3771 5.72939e-313
37.9755 48.1078 8.27578e-313
37.6703 47.8392 5.72939e-313
37.3616 47.5712 5.94159e-313
37.0495 47.3039 8.48798e-313
36.7343 47.0375 5.94159e-313
36.4161 46.7719 6.15379e-313
36.0952 46.5074 8.70018e-313
35.7716 46.2439 6.15379e-313
35.4456 45.9815 6.36599e-313
35.1174 45.7204 8.91238e-313
34.7871 45.4606 6.36599e-313
34.4549 45.2021 6.57819e-313
34.1211 44.9451 9.12458e-313
33.7858 44.6897 6.57819e-313
33.4492 44.4359 6.79039e-313
33.1116 44.1838 9.33678e-313
32.7731 43.9334 6.79039e-313
32.4339 43.6849 7.00259e-313
32.0942 43.4383 9.54898e-313
31.7542 43.1937 7.00259e-313
31.4142 42.9512 7.21479e-313
31.0743 42.7109 9.76118e-313
30.7347 42.4727 7.21479e-313
30.3956 42.2369 7.42699e-313
30.0573 42.0034 9.97338e-313
29.7199 41.7723 7.42699e-313
29.3836 41.5438 5.09279e-313
29.0487 41.3178 1.01856e-312
28.7153 41.0945 7.63918e-313
28.3837 40.8739 7.85138e-313
28.054 40.6561 1.03978e-312
27.7264 40.4411 7.85138e-313
27.4012 40.229 8.06358e-313
27.0785 40.0199 1.061e-312
26.7586 39.8139 8.06358e-313
26.4416 39.6109 8.27578e-313
26.1277 39.4111 1.08222e-312
25.8171 39.2146 8.27578e-313
25.51 39.0213 8.48798e-313
25.2066 38.8314 1.10344e-312
24.9071 38.6448 8.48798e-313
24.6116 38.4618 8.70018e-313
24.3204 38.2822 1.12466e-312
24.0336 38.1062 8.70018e-313
23.7513 37.9338 8.91238e-313
23.4739 37.7652 1.14588e-312
23.2014 37.6002 8.91238e-313
22.934 37.439 9.12458e-313
22.6718 37.2816 1.1671e-312
22.4151 37.1282 9.12458e-313
22.164 36.9786 9.33678e-313
21.9187 36.833 1.18832e-312
21.6792 36.6914 9.33678e-313
21.4458 36.5539 9.54898e-313
21.2185 36.4204 1.20954e-312
20.9976 36.2911 9.54898e-313
20.7832 36.166 9.76118e-313
20.5754 36.0451 1.23076e-312
20.3743 35.9284 9.76118e-313
20.18 35.8161 9.97338e-313
19.9928 35.708 1.25198e-312
19.8126 35.6043 9.97338e-313
19.6396 35.505 7.63918e-313
19.4739 35.4101 1.2732e-312
19.3157 35.3196 1.01856e-312
19.1649 35.2337 1.03978e-312
19.0218 35.1522 1.29442e-312
18.8864 35.0752 1.03978e-312
18.7587 35.0028 1.061e-312
18.6389 34.935 1.31564e-312
18.5271 34.8717 1.061e-312
18.4232 34.813 1.08222e-312
18.3274 34.759 1.33686e-312
18.2397 34.7096 1.08222e-312
18.1603 34.6649 1.10344e-312
18.089 34.6249 1.35808e-312
18.026 34.5895 1.10344e-312
17.9714 34.5588 1.12466e-312
17.9251 34.5328 1.3793e-312
17.8872 34.5116 1.12466e-312
17.8576 34.495 1.14588e-312
17.8365 34.4832 1.40052e-312
17.8239 34.4761 1.14588e-312
17.8197 34.4738 1.1671e-312
17.8239 34.4761 1.42174e-312
17.8365 34.4832 1.1671e-312
17.8576 34.495 1.18832e-312
17.8872 34.5116 1.44296e-312
17.9251 34.5328 1.18832e-312
17.9714 34.5588 1.20954e-312
18.026 34.5895 1.46418e-312
18.089 34.6249 1.20954e-312
18.1603 34.6649 1.23076e-312
18.2397 34.7096 1.4854e-312
18.3274 34.759 1.23076e-312
18.4232 34.813 1.25198e-312
18.5271 34.8717 1.50662e-312
18.6389 34.935 1.25198e-312
18.7587 35.0028 1.01856e-312
18.8864 35.0752 1.52784e-312
19.0218 35.1522 1.2732e-312
19.1649 35.2337 1.29442e-312
19.3157 35.3196 1.54906e-312
19.4739 35.4101 1.29442e-312
19.6396 35.505 1.31564e-312
19.8126 35.6043 1.57028e-312
19.9928 35.708 1.31564e-312
20.18 35.8161 1.33686e-312
20.3743 35.9284 1.5915e-312
20.5754 36.0451 1.33686e-312
20.7832 36.166 1.35808e-312
20.9976 36.2911 1.61272e-312
21.2185 36.4204 1.35808e-312
21.4458 36.5539 1.3793e-312
21.6792 36.6914 1.63394e-312
21.9187 36.833 1.3793e-312
22.164 36.9786 1.40052e-312
22.4151 37.1282 1.65516e-312
22.6718 37.2816 1.40052e-312
22.934 37.439 1.42174e-312
23.2014 37.6002 1.67638e-312
23.4739 37.7652 1.42174e-312
23.7513 37.9338 1.44296e-312
24.0336 38.1062 1.6976e-312
24.3204 38.2822 1.44296e-312
24.6116 38.4618 1.46418e-312
24.9071 38.6448 1.71882e-312
25.2066 38.8314 1.46418e-312
25.51 39.0213 1.4854e-312
25.8171 39.2146 1.74004e-312
26.1277 39.4111 1.4854e-312
26.4416 39.6109 1.50662e-312
26.7586 39.8139 1.76126e-312
27.0785 40.0199 1.50662e-312
27.4012 40.229 1.2732e-312
27.7264 40.4411 1.78248e-312
28.054 40.6561 1.52784e-312
28.3837 40.8739 1.54906e-312
28.7153 41.0945 1.8037e-312
29.0487 41.3178 1.54906e-312
29.3836 41.5438 1.57028e-312
29.7199 41.7723 1.82492e-312
30.0573 42.0034 1.57028e-312
30.3956 42.2369 1.5915e-312
30.7347 42.4727 1.84614e-312
31.0743 42.7109 1.5915e-312
31.4142 42.9512 1.61272e-312
31.7542 43.1937 1.86736e-312
32.0942 43.4383 1.61272e-312
32.4339 43.6849 1.63394e-312
32.7731 43.9334 1.88858e-312
33.1116 44.1838 1.63394e-312
33.4492 44.4359 1.65516e-312
33.7858 44.6897 1.9098e-312
34.1211 44.9451 1.65516e-312
34.4549 45.2021 1.67638e-312
34.7871 45.4606 1.93102e-312
35.1174 45.7204 1.67638e-312
35.4456 45.9815 1.6976e-312
35.7716 46.2439 1.95224e-312
36.0952 46.5074 1.6976e-312
36.4161 46.7719 1.71882e-312
36.7343 47.0375 1.97346e-312
37.0495 47.3039 1.71882e-312
37.3616 47.5712 1.74004e-312
37.6703 47.8392 1.99468e-312
37.9755 48.1078 1.74004e-312
38.277 48.3771 1.76126e-312
38.5747 48.6468 2.0159e-312
38.8684 48.9169 1.76126e-312
39.158 49.1874 1.52784e-312
39.4432 49.4581 2.03712e-312
39.7239 49.729 1.78248e-312
40 50 1.8037e-312
40.2713 50.271 2.05834e-312
40.5377 50.5419 1.8037e-312
40.7991 50.8126 1.82492e-312
41.0552 51.0831 2.07956e-312
41.306 51.3532 1.82492e-312
41.5514 51.6229 1.84614e-312
41.7911 51.8922 2.10078e-312
42.0252 52.1608 1.84614e-312
42.2534 52.4288 1.86736e-312
42.4757 52.6961 2.122e-312
42.692 52.9625 1.86736e-312
42.9021 53.2281 1.88858e-312
43.106 53.4926 2.14322e-312
43.3036 53.7561 1.88858e-312
43.4947 54.0185 1.9098e-312
43.6793 54.2796 2.16444e-312
43.8574 54.5394 1.9098e-312
44.0287 54.7979 1.93102e-312
44.1934 55.0549 2.18566e-312
44.3512 55.3103 1.93102e-312
44.5022 55.5641 1.95224e-312
44.6463 55.8162 2.20688e-312
44.7834 56.0666 1.95224e-312
44.9135 56.3151 1.97346e-312
45.0366 56.5617 2.2281e-312
45.1525 56.8063 1.97346e-312
45.2614 57.0488 1.99468e-312
45.3631 57.2891 2.24932e-312
45.4577 57.5273 1.99468e-312
45.5451 57.7631 2.0159e-312
45.6253 57.9966 2.27054e-312
45.6984 58.2277 2.0159e-312
45.7642 58.4562 1.78248e-312
45.8229 58.6822 2.29176e-312
45.8744 58.9055 2.03712e-312
45.9188 59.1261 2.05834e-312
45.9561 59.3439 2.31298e-312
45.9862 59.5589 2.05834e-312
46.0093 59.771 2.07956e-312
46.0254 59.9801 2.3342e-312
46.0345 60.1861 2.07956e-312
46.0366 60.3891 2.10078e-312
46.0319 60.5889 2.35542e-312
46.0203 60.7854 2.10078e-312
46.002 60.9787 2.122e-312
45.9769 61.1686 2.37664e-312
45.9453 61.3552 2.122e-312
45.9071 61.5382 2.14322e-312
45.8624 61.7178 2.39786e-312
45.8113 61.8938 2.14322e-312
45.754 62.0662 2.16444e-312
45.6904 62.2348 2.41908e-312
45.6207 62.3998 2.16444e-312
45.5451 62.561 2.18566e-312
45.4635 62.7184 2.4403e-312
45.3762 62.8718 2.18566e-312
45.2833 63.0214 2.20688e-312
45.1847 63.167 2.46152e-312
45.0808 63.3086 2.20688e-312
44.9716 63.4461 2.2281e-312
44.8572 63.5796 2.48274e-312
44.7378 63.7089 2.2281e-312
44.6135 63.834 2.24932e-312
44.4845 63.9549 2.50396e-312
44.3509 64.0716 2.24932e-312
44.2129 64.1839 2.27054e-312
44.0705 64.292 2.52517e-312
43.924 64.3957 2.27054e-312
43.7736 64.495 2.03712e-312
43.6193 64.5899 2.54639e-312
43.4614 64.6804 2.29176e-312
43.2999 64.7663 2.31298e-312
43.1352 64.8478 2.56761e-312
42.9673 64.9248 2.31298e-312
42.7965 64.9972 2.3342e-312
42.6228 65.065 2.58883e-312
42.4465 65.1283 2.3342e-312
42.2678 65.187 2.35542e-312
42.0868 65.241 2.61005e-312
41.9038 65.2904 2.35542e-312
41.7188 65.3351 2.37664e-312
41.5322 65.3751 2.63127e-312
41.344 65.4105 2.37664e-312
41.1545 65.4412 2.39786e-312
40.9638 65.4672 2.65249e-312
40.7722 65.4884 2.39786e-312
40.5798 65.505 2.41908e-312
40.3869 65.5168 2.67371e-312
40.1935 65.5239 2.41908e-312
40 65.5262 2.4403e-312
39.8065 65.5239 2.69493e-312
39.6131 65.5168 2.4403e-312
39.4202 65.505 2.46152e-312
39.2278 65.4884 2.71615e-312
39.0362 65.4672 2.46152e-312
38.8455 65.4412 2.48274e-312
38.656 65.4105 2.73737e-312
38.4678 65.3751 2.48274e-312
38.2812 65.3351 2.50396e-312
38.0962 65.2904 2.75859e-312
37.9132 65.241 2.50396e-312
37.7322 65.187 2.52517e-312
37.5535 65.1283 2.77981e-312
37.3772 65.065 2.52517e-312
37.2035 64.9972 2.29176e-312
37.0327 64.9248 2.80103e-312
36.8648 64.8478 2.54639e-312
36.7001 64.7663 2.56761e-312
36.5386 64.6804 2.82225e-312
36.3807 64.5899 2.56761e-312
36.2264 64.495 2.58883e-312
36.076 64.3957 2.84347e-312
35.9295 64.292 2.58883e-312
35.7871 64.1839 2.61005e-312
35.6491 64.0716 2.86469e-312
35.5155 63.9549 2.61005e-312
35.3865 63.834 2.63127e-312
35.2622 63.7089 2.88591e-312
35.1428 63.5796 2.63127e-312
35.0284 63.4461 2.65249e-312
34.9192 63.3086 2.90713e-312
34.8153 63.167 2.65249e-312
34.7167 63.0214 2.67371e-312
34.6238 62.8718 2.92835e-312
34.5365 62.7184 2.67371e-312
34.4549 62.561 2.69493e-312
34.3793 62.3998 2.94957e-312
34.3096 62.2348 2.69493e-312
34.246 62.0662 2.71615e-312
34.1887 61.8938 2.97079e-312
34.1376 61.7178 2.71615e-312
34.0929 61.5382 2.73737e-312
34.0547 61.3552 2.99201e-312
34.0231 61.1686 2.73737e-312
33.998 60.9787 2.75859e-312
33.9797 60.7854 3.01323e-312
33.9681 60.5889 2.75859e-312
33.9634 60.3891 2.77981e-312
33.9655 60.1861 3.03445e-312
33.9746 59.9801 2.77981e-312
33.9907 59.771 2.54639e-312
34.0138 59.5589 3.05567e-312
34.0439 59.3439 2.80103e-312
34.0812 59.1261 2.82225e-312
34.1256 58.9055 3.07689e-312
34.1771 58.6822 2.82225e-312
34.2358 58.4562 2.84347e-312
34.3016 58.2277 3.09811e-312
34.3747 57.9966 2.84347e-312
34.4549 57.7631 2.86469e-312
34.5423 57.5273 3.11933e-312
34.6369 57.2891 2.86469e-312
34.7386 57.0488 2.88591e-312
34.8475 56.8063 3.14055e-312
34.9634 56.5617 2.88591e-312
35.0865 56.3151 2.90713e-312
35.2166 56.0666 3.16177e-312
35.3537 55.8162 2.90713e-312
35.4978 55.5641 2.92835e-312
35.6488 55.3103 3.18299e-312
35.8066 55.0549 2.92835e-312
35.9713 54.7979 2.94957e-312
36.1426 54.5394 3.20421e-312
36.3207 54.2796 2.94957e-312
36.5053 54.0185 2.97079e-312
36.6964 53.7561 3.22543e-312
36.894 53.4926 2.97079e-312
37.0979 53.2281 2.99201e-312
37.308 52.9625 3.24665e-312
37.5243 52.6961 2.99201e-312
37.7466 52.4288 3.01323e-312
37.9748 52.1608 3.26787e-312
38.2089 51.8922 3.01323e-312
38.4486 51.6229 3.03445e-312
38.694 51.3532 3.28909e-312
38.9448 51.0831 3.03445e-312
39.2009 50.8126 2.80103e-312
39.4623 50.5419 3.31031e-312
39.7287 50.271 3.05567e-312
40 50 3.07689e-312
40.2761 49.729 3.33153e-312
40.5568 49.4581 3.07689e-312
40.842 49.1874 3.09811e-312
41.1316 48.9169 3.35275e-312
41.4253 48.6468 3.09811e-312
41.723 48.3771 3.11933e-312
42.0245 48.1078 3.37397e-312
42.3297 47.8392 3.11933e-312
42.6384 47.5712 3.14055e-312
42.9505 47.3039 3.39519e-312
43.2657 47.0375 3.14055e-312
43.5839 46.7719 3.16177e-312
43.9048 46.5074 3.41641e-312
44.2284 46.2439 3.16177e-312
44.5544 45.9815 3.18299e-312
44.8826 45.7204 3.43763e-312
45.2129 45.4606 3.18299e-312
45.5451 45.2021 3.20421e-312
45.8789 44.9451 3.45885e-312
46.2142 44.6897 3.20421e-312
46.5508 44.4359 3.22543e-312
46.8884 44.1838 3.48007e-312
47.2269 43.9334 3.22543e-312
47.5661 43.6849 3.24665e-312
47.9058 43.4383 3.50129e-312
48.2458 43.1937 3.24665e-312
48.5858 42.9512 3.26787e-312
48.9257 42.7109 3.52251e-312
49.2653 42.4727 3.26787e-312
49.6044 42.2369 3.28909e-312
49.9427 42.0034 3.54373e-312
50.2801 41.7723 3.28909e-312
50.6164 41.5438 3.05567e-312
50.9513 41.3178 3.56495e-312
51.2847 41.0945 3.31031e-312
51.6163 40.8739 3.33153e-312
51.946 40.6561 3.58617e-312
52.2736 40.4411 3.33153e-312
52.5988 40.229 3.35275e-312
52.9215 40.0199 3.60739e-312
53.2414 39.8139 3.35275e-312
53.5584 39.6109 3.37397e-312
53.8723 39.4111 3.62861e-312
54.1829 39.2146 3.37397e-312
54.49 39.0213 3.39519e-312
54.7934 38.8314 3.64983e-312
55.0929 38.6448 3.39519e-312
55.3884 38.4618 3.41641e-312
55.6796 38.2822 3.67105e-312
55.9664 38.1062 3.41641e-312
56.2487 37.9338 3.43763e-312
56.5261 37.7652 3.69227e-312
56.7986 37.6002 3.43763e-312
57.066 37.439 3.45885e-312
57.3282 37.2816 3.71349e-312
57.5849 37.1282 3.45885e-312
57.836 36.9786 3.48007e-312
58.0813 36.833 3.73471e-312
58.3208 36.6914 3.48007e-312
58.5542 36.5539 3.50129e-312
58.7815 36.4204 3.75593e-312
59.0024 36.2911 3.50129e-312
59.2168 36.166 3.52251e-312
59.4246 36.0451 3.77715e-312
59.6257 35.9284 3.52251e-312
59.82 35.8161 3.54373e-312
60.0072 35.708 3.79837e-312
60.1874 35.6043 3.54373e-312
60.3604 35.505 3.31031e-312
60.5261 35.4101 3.81959e-312
60.6843 35.3196 3.56495e-312
60.8351 35.2337 3.58617e-312
60.9782 35.1522 3.84081e-312
61.1136 35.0752 3.58617e-312
61.2413 35.0028 3.60739e-312
61.3611 34.935 3.86203e-312
61.4729 34.8717 3.60739e-312
61.5768 34.813 0
61.6726 34.759 3.76114e+179
61.7603 34.7096 2.54086e-314
61.8397 34.6649 1.0854e-71
61.911 34.6249 3.90447e-312
61.974 34.5895 3.64983e-312
62.0286 34.5588 3.67105e-312
62.0749 34.5328 3.92569e-312
62.1128 34.5116 3.67105e-312
62.1424 34.495 3.69227e-312
62.1635 34.4832 3.94691e-312
62.1761 34.4761 3.69227e-312
62.1803 34.4738 3.71349e-312
62.1761 34.4761 3.96813e-312
62.1635 34.4832 3.71349e-312
62.1424 34.495 3.73471e-312
62.1128 34.5116 3.98935e-312
62.0749 34.5328 3.73471e-312
62.0286 34.5588 3.75593e-312
61.974 34.5895 4.01057e-312
61.911 34.6249 3.75593e-312
61.8397 34.6649 3.77715e-312
61.7603 34.7096 4.03179e-312
61.6726 34.759 3.77715e-312
61.5768 34.813 3.79837e-312
61.4729 34.8717 4.05301e-312
61.3611 34.935 3.79837e-312
61.2413 35.0028 3.56495e-312
61.1136 35.0752 4.07423e-312
60.9782 35.1522 3.81959e-312
60.8351 35.2337 3.84081e-312
60.6843 35.3196 4.09545e-312
60.5261 35.4101 3.84081e-312
60.3604 35.505 3.86203e-312
60.1874 35.6043 4.11667e-312
60.0072 35.708 3.86203e-312
59.82 35.8161 3.88325e-312
59.6257 35.9284 4.13789e-312
59.4246 36.0451 3.88325e-312
59.2168 36.166 3.90447e-312
59.0024 36.2911 4.15911e-312
58.7815 36.4204 3.90447e-312
58.5542 36.5539 3.92569e-312
58.3208 36.6914 4.18033e-312
58.0813 36.833 3.92569e-312
57.836 36.9786 3.94691e-312
57.5849 37.1282 4.20155e-312
57.3282 37.2816 3.94691e-312
57.066 37.439 3.96813e-312
56.7986 37.6002 4.22277e-312
56.5261 37.7652 3.96813e-312
56.2487 37.9338 3.98935e-312
55.9664 38.1062 4.24399e-312
55.6796 38.2822 3.98935e-312
55.3884 38.4618 4.01057e-312
55.0929 38.6448 4.26521e-312
54.7934 38.8314 4.01057e-312
54.49 39.0213 4.03179e-312
54.1829 39.2146 4.28643e-312
53.8723 39.4111 4.03179e-312
53.5584 39.6109 4.05301e-312
53.2414 39.8139 4.30765e-312
52.9215 40.0199 4.05301e-312
52.5988 40.229 3.81959e-312
52.2736 40.4411 4.32887e-312
51.946 40.6561 4.07423e-312
51.6163 40.8739 4.09545e-312
51.2847 41.0945 4.35009e-312
50.9513 41.3178 4.09545e-312
50.6164 41.5438 4.11667e-312
50.2801 41.7723 4.37131e-312
49.9427 42.0034 4.11667e-312
49.6044 42.2369 4.13789e-312
49.2653 42.4727 4.39253e-312
48.9257 42.7109 4.13789e-312
48.5858 42.9512 4.15911e-312
48.2458 43.1937 4.41375e-312
47.9058 43.4383 4.15911e-312
47.5661 43.6849 4.18033e-312
47.2269 43.9334 4.43497e-312
46.8884 44.1838 4.18033e-312
46.5508 44.4359 4.20155e-312
46.2142 44.6897 4.45619e-312
45.8789 44.9451 4.20155e-312
45.5451 45.2021 4.22277e-312
45.2129 45.4606 4.47741e-312
44.8826 45.7204 4.22277e-312
44.5544 45.9815 4.24399e-312
44.2284 46.2439 4.49863e-312
43.9048 46.5074 4.24399e-312
43.5839 46.7719 4.26521e-312
43.2657 47.0375 4.51985e-312
42.9505 47.3039 4.26521e-312
42.6384 47.5712 4.28643e-312
42.3297 47.8392 4.54107e-312
42.0245 48.1078 4.28643e-312
41.723 48.3771 4.30765e-312
41.4253 48.6468 4.56229e-312
41.1316 48.9169 4.30765e-312
40.842 49.1874 4.07423e-312
40.5568 49.4581 4.58351e-312
40.2761 49.729 4.32887e-312
40 50 4.35009e-312
39.7287 50.271 4.60473e-312
39.4623 50.5419 4.35009e-312
39.2009 50.8126 4.37131e-312
38.9448 51.0831 4.62595e-312
38.694 51.3532 4.37131e-312
38.4486 51.6229 4.39253e-312
38.2089 51.8922 4.64717e-312
37.9748 52.1608 4.39253e-312
37.7466 52.4288 4.41375e-312
37.5243 52.6961 4.66839e-312
37.308 52.9625 4.41375e-312
37.0979 53.2281 4.43497e-312
36.894 53.4926 4.68961e-312
36.6964 53.7561 4.43497e-312
36.5053 54.0185 4.45619e-312
36.3207 54.2796 4.71083e-312
36.1426 54.5394 4.45619e-312
35.9713 54.7979 4.47741e-312
35.8066 55.0549 4.73205e-312
35.6488 55.3103 4.47741e-312
35.4978 55.5641 4.49863e-312
35.3537 55.8162 4.75327e-312
35.2166 56.0666 4.49863e-312
35.0865 56.3151 4.51985e-312
34.9634 56.5617 4.77449e-312
34.8475 56.8063 4.51985e-312
34.7386 57.0488 4.54107e-312
34.6369 57.2891 4.79571e-312
34.5423 57.5273 4.54107e-312
34.4549 57.7631 4.56229e-312
34.3747 57.9966 4.81693e-312
34.3016 58.2277 4.56229e-312
34.2358 58.4562 4.32887e-312
34.1771 58.6822 4.83815e-312
34.1256 58.9055 4.58351e-312
34.0812 59.1261 4.60473e-312
34.0439 59.3439 4.85937e-312
34.0138 59.5589 4.60473e-312
33.9907 59.771 4.62595e-312
33.9746 59.9801 4.88059e-312
33.9655 60.1861 4.62595e-312
33.9634 60.3891 4.64717e-312
33.9681 60.5889 4.90181e-312
33.9797 60.7854 4.64717e-312
33.998 60.9787 4.66839e-312
34.0231 61.1686 4.92303e-312
34.0547 61.3552 4.66839e-312
34.0929 61.5382 4.68961e-312
34.1376 61.7178 4.94425e-312
34.1887 61.8938 4.68961e-312
34.246 62.0662 4.71083e-312
34.3096 62.2348 4.96547e-312
34.3793 62.3998 4.71083e-312
34.4549 62.561 4.73205e-312
34.5365 62.7184 4.98669e-312
34.6238 62.8718 4.73205e-312
34.7167 63.0214 4.75327e-312
34.8153 63.167 5.00791e-312
34.9192 63.3086 4.75327e-312
35.0284 63.4461 4.77449e-312
35.1428 63.5796 5.02913e-312
35.2622 63.7089 4.77449e-312
35.3865 63.834 4.79571e-312
35.5155 63.9549 5.05035e-312
35.6491 64.0716 4.79571e-312
35.7871 64.1839 4.81693e-312
35.9295 64.292 5.07157e-312
36.076 64.3957 4.81693e-312
36.2264 64.495 4.58351e-312
36.3807 64.5899 5.09279e-312
36.5386 64.6804 4.83815e-312
36.7001 64.7663 4.85937e-312
36.8648 64.8478 5.11401e-312
37.0327 64.9248 4.85937e-312
37.2035 64.9972 4.88059e-312
37.3772 65.065 5.13523e-312
37.5535 65.1283 4.88059e-312
37.7322 65.187 4.90181e-312
37.9132 65.241 5.15645e-312
38.0962 65.2904 4.90181e-312
38.2812 65.3351 4.92303e-312
38.4678 65.3751 5.17767e-312
38.656 65.4105 4.92303e-312
38.8455 65.4412 4.94425e-312
39.0362 65.4672 5.19889e-312
39.2278 65.4884 4.94425e-312
39.4202 65.505 4.96547e-312
39.6131 65.5168 5.22011e-312
39.8065 65.5239 4.96547e-312
65.5262 6.02647e-312 4.98669e-312
65.5239 5.77183e-312 5.24133e-312
65.5168 5.79305e-312 4.98669e-312
65.505 6.04769e-312 5.00791e-312
65.4884 5.79305e-312 5.26255e-312
65.4672 5.81427e-312 5.00791e-312
65.4412 6.06891e-312 5.02913e-312
65.4105 5.81427e-312 5.28377e-312
65.3751 5.83549e-312 5.02913e-312
65.3351 6.09013e-312 5.05035e-312
65.2904 5.83549e-312 5.30499e-312
65.241 5.60207e-312 5.05035e-312
65.187 6.11135e-312 5.07157e-312
65.1283 5.85671e-312 5.32621e-312
65.065 5.87793e-312 5.07157e-312
64.9972 6.13257e-312 4.83815e-312
64.9248 1.8795e-153 5.34743e-312
64.8478 3.76114e+179 5.09279e-312
64.7663 1.03331e-47 5.11401e-312
64.6804 1.0854e-71 5.36865e-312
64.5899 2.122e-314 5.11401e-312
64.495 4.24399e-314 5.13523e-312
64.3957 2.97079e-313 5.38987e-312
64.292 4.24399e-314 5.13523e-312
64.1839 6.36599e-314 5.15645e-312
64.0716 3.18299e-313 5.41109e-312
63.9549 6.36599e-314 5.15645e-312
63.834 8.48798e-314 5.17767e-312
63.7089 3.39519e-313 5.43231e-312
63.5796 8.48798e-314 5.17767e-312
63.4461 1.061e-313 5.19889e-312
63.3086 3.60739e-313 5.45353e-312
63.167 1.061e-313 5.19889e-312
63.0214 1.2732e-313 5.22011e-312
62.8718 3.81959e-313 5.47475e-312
62.7184 1.2732e-313 5.22011e-312
62.561 1.4854e-313 5.24133e-312
62.3998 4.03179e-313 5.49597e-312
62.2348 1.4854e-313 5.24133e-312
62.0662 1.6976e-313 5.26255e-312
61.8938 4.24399e-313 5.51719e-312
61.7178 1.6976e-313 5.26255e-312
61.5382 1.9098e-313 5.28377e-312
61.3552 4.45619e-313 5.53841e-312
61.1686 1.9098e-313 5.28377e-312
60.9787 2.122e-313 5.30499e-312
60.7854 4.66839e-313 5.55963e-312
60.5889 2.122e-313 5.30499e-312
60.3891 2.3342e-313 5.32621e-312
60.1861 4.88059e-313 5.58085e-312
59.9801 2.3342e-313 5.32621e-312
59.771 5.92879e-323 5.09279e-312
59.5589 5.09279e-313 5.60207e-312
59.3439 2.54639e-313 5.34743e-312
59.1261 2.75859e-313 5.36865e-312
58.9055 5.30499e-313 5.62329e-312
58.6822 2.75859e-313 5.36865e-312
58.4562 2.97079e-313 5.38987e-312
58.2277 5.51719e-313 5.64451e-312
57.9966 2.97079e-313 5.38987e-312
57.7631 3.18299e-313 5.41109e-312
57.5273 5.72939e-313 5.66573e-312
57.2891 3.18299e-313 5.41109e-312
57.0488 3.39519e-313 5.43231e-312
56.8063 5.94159e-313 2.54639e-313
56.5617 3.39519e-313 6.42285e-323
56.3151 3.60739e-313 2.122e-314
56.0666 6.15379e-313 2.75859e-313
55.8162 3.60739e-313 2.122e-314
55.5641 3.81959e-313 4.24399e-314
55.3103 6.36599e-313 2.97079e-313
55.0549 3.81959e-313 4.24399e-314
54.7979 4.03179e-313 6.36599e-314
54.5394 6.57819e-313 3.18299e-313
54.2796 4.03179e-313 6.36599e-314
54.0185 4.24399e-313 8.48798e-314
53.7561 6.79039e-313 3.39519e-313
53.4926 4.24399e-313 8.48798e-314
53.2281 4.45619e-313 1.061e-313
52.9625 7.00259e-313 3.60739e-313
52.6961 4.45619e-313 1.061e-313
52.4288 4.66839e-313 1.2732e-313
52.1608 7.21479e-313 3.81959e-313
51.8922 4.66839e-313 1.2732e-313
51.6229 4.88059e-313 1.4854e-313
51.3532 7.42699e-313 4.03179e-313
51.0831 4.88059e-313 1.4854e-313
50.8126 2.54639e-313 1.6976e-313
50.5419 7.63918e-313 4.24399e-313
50.271 5.09279e-313 1.6976e-313
50 5.30499e-313 1.9098e-313
49.729 7.85138e-313 4.45619e-313
49.4581 5.30499e-313 1.9098e-313
49.1874 5.51719e-313 2.122e-313
48.9169 8.06358e-313 4.66839e-313
48.6468 5.51719e-313 2.122e-313
48.3771 5.72939e-313 2.3342e-313
48.1078 8.27578e-313 4.88059e-313
47.8392 5.72939e-313 2.3342e-313
47.5712 5.94159e-313 5.92879e-323
47.3039 8.48798e-313 5.09279e-313
47.0375 5.94159e-313 2.54639e-313
46.7719 6.15379e-313 2.75859e-313
46.5074 8.70018e-313 5.30499e-313
46.2439 6.15379e-313 2.75859e-313
45.9815 6.36599e-313 2.97079e-313
45.7204 8.91238e-313 5.51719e-313
45.4606 6.36599e-313 2.97079e-313
45.2021 6.57819e-313 3.18299e-313
44.9451 9.12458e-313 5.72939e-313
44.6897 6.57819e-313 3.18299e-313
44.4359 6.79039e-313 3.39519e-313
44.1838 9.33678e-313 5.94159e-313
43.9334 6.79039e-313 3.39519e-313
43.6849 7.00259e-313 3.60739e-313
43.4383 9.54898e-313 6.15379e-313
43.1937 7.00259e-313 3.60739e-313
42.9512 7.21479e-313 3.81959e-313
42.7109 9.76118e-313 6.36599e-313
42.4727 7.21479e-313 3.81959e-313
42.2369 7.42699e-313 4.03179e-313
42.0034 9.97338e-313 6.57819e-313
41.7723 7.42699e-313 4.03179e-313
41.5438 5.09279e-313 4.24399e-313
41.3178 1.01856e-312 6.79039e-313
41.0945 7.63918e-313 4.24399e-313
40.8739 7.85138e-313 4.45619e-313
40.6561 1.03978e-312 7.00259e-313
40.4411 7.85138e-313 4.45619e-313
40.229 8.06358e-313 4.66839e-313
40.0199 1.061e-312 7.21479e-313
39.8139 8.06358e-313 4.66839e-313
39.6109 8.27578e-313 4.88059e-313
39.4111 1.08222e-312 7.42699e-313
39.2146 8.27578e-313 4.88059e-313
39.0213 8.48798e-313 2.54639e-313
38.8314 1.10344e-312 7.63918e-313
38.6448 8.48798e-313 5.09279e-313
38.4618 8.70018e-313 5.30499e-313
38.2822 1.12466e-312 7.85138e-313
38.1062 8.70018e-313 5.30499e-313
37.9338 8.91238e-313 5.51719e-313
37.7652 1.14588e-312 8.06358e-313
37.6002 8.91238e-313 5.51719e-313
37.439 9.12458e-313 5.72939e-313
37.2816 1.1671e-312 8.27578e-313
37.1282 9.12458e-313 5.72939e-313
36.9786 9.33678e-313 5.94159e-313
36.833 1.18832e-312 8.48798e-313
36.6914 9.33678e-313 5.94159e-313
36.5539 9.54898e-313 6.15379e-313
36.4204 1.20954e-312 8.70018e-313
36.2911 9.54898e-313 6.15379e-313
36.166 9.76118e-313 6.36599e-313
36.0451 1.23076e-312 8.91238e-313
35.9284 9.76118e-313 6.36599e-313
35.8161 9.97338e-313 6.57819e-313
35.708 1.25198e-312 9.12458e-313
35.6043 9.97338e-313 6.57819e-313
35.505 7.63918e-313 6.79039e-313
35.4101 1.2732e-312 9.33678e-313
35.3196 1.01856e-312 6.79039e-313
35.2337 1.03978e-312 7.00259e-313
35.1522 1.29442e-312 9.54898e-313
35.0752 1.03978e-312 7.00259e-313
35.0028 1.061e-312 7.21479e-313
34.935 1.31564e-312 9.76118e-313
34.8717 1.061e-312 7.21479e-313
34.813 1.08222e-312 7.42699e-313
34.759 1.33686e-312 9.97338e-313
34.7096 1.08222e-312 7.42699e-313
34.6649 1.10344e-312 5.09279e-313
34.6249 1.35808e-312 1.01856e-312
34.5895 1.10344e-312 7.63918e-313
34.5588 1.12466e-312 7.85138e-313
34.5328 1.3793e-312 1.03978e-312
34.5116 1.12466e-312 7.85138e-313
34.495 1.14588e-312 8.06358e-313
34.4832 1.40052e-312 1.061e-312
34.4761 1.14588e-312 8.06358e-313
34.4738 1.1671e-312 8.27578e-313
34.4761 1.42174e-312 1.08222e-312
34.4832 1.1671e-312 8.27578e-313
34.495 1.18832e-312 8.48798e-313
34.5116 1.44296e-312 1.10344e-312
34.5328 1.18832e-312 8.48798e-313
34.5588 1.20954e-312 8.70018e-313
34.5895 1.46418e-312 1.12466e-312
34.6249 1.20954e-312 8.70018e-313
34.6649 1.23076e-312 8.91238e-313
34.7096 1.4854e-312 1.14588e-312
34.759 1.23076e-312 8.91238e-313
34.813 1.25198e-312 9.12458e-313
34.8717 1.50662e-312 1.1671e-312
34.935 1.25198e-312 9.12458e-313
35.0028 1.01856e-312 9.33678e-313
35.0752 1.52784e-312 1.18832e-312
35.1522 1.2732e-312 9.33678e-313
35.2337 1.29442e-312 9.54898e-313
35.3196 1.54906e-312 1.20954e-312
35.4101 1.29442e-312 9.54898e-313
35.505 1.31564e-312 9.76118e-313
35.6043 1.57028e-312 1.23076e-312
35.708 1.31564e-312 9.76118e-313
35.8161 1.33686e-312 9.97338e-313
35.9284 1.5915e-312 1.25198e-312
36.0451 1.33686e-312 9.97338e-313
36.166 1.35808e-312 7.63918e-313
36.2911 1.61272e-312 1.2732e-312
36.4204 1.35808e-312 1.01856e-312
36.5539 1.3793e-312 1.03978e-312
36.6914 1.63394e-312 1.29442e-312
36.833 1.3793e-312 1.03978e-312
36.9786 1.40052e-312 1.061e-312
37.1282 1.65516e-312 1.31564e-312
37.2816 1.40052e-312 1.061e-312
37.439 1.42174e-312 1.08222e-312
37.6002 1.67638e-312 1.33686e-312
37.7652 1.42174e-312 1.08222e-312
37.9338 1.44296e-312 1.10344e-312
38.1062 1.6976e-312 1.35808e-312
38.2822 1.44296e-312 1.10344e-312
38.4618 1.46418e-312 1.12466e-312
38.6448 1.71882e-312 1.3793e-312
38.8314 1.46418e-312 1.12466e-312
39.0213 1.4854e-312 1.14588e-312
39.2146 1.74004e-312 1.40052e-312
39.4111 1.4854e-312 1.14588e-312
39.6109 1.50662e-312 1.1671e-312
39.8139 1.76126e-312 1.42174e-312
40.0199 1.50662e-312 1.1671e-312
40.229 1.2732e-312 1.18832e-312
40.4411 1.78248e-312 1.44296e-312
40.6561 1.52784e-312 1.18832e-312
40.8739 1.54906e-312 1.20954e-312
41.0945 1.8037e-312 1.46418e-312
41.3178 1.54906e-312 1.20954e-312
41.5438 1.57028e-312 1.23076e-312
41.7723 1.82492e-312 1.4854e-312
42.0034 1.57028e-312 1.23076e-312
42.2369 1.5915e-312 1.25198e-312
42.4727 1.84614e-312 1.50662e-312
42.7109 1.5915e-312 1.25198e-312
42.9512 1.61272e-312 1.01856e-312
43.1937 1.86736e-312 1.52784e-312
43.4383 1.61272e-312 1.2732e-312
43.6849 1.63394e-312 1.29442e-312
43.9334 1.88858e-312 1.54906e-312
44.1838 1.63394e-312 1.29442e-312
44.4359 1.65516e-312 1.31564e-312
44.6897 1.9098e-312 1.57028e-312
44.9451 1.65516e-312 1.31564e-312
45.2021 1.67638e-312 1.33686e-312
45.4606 1.93102e-312 1.5915e-312
45.7204 1.67638e-312 1.33686e-312
45.9815 1.6976e-312 1.35808e-312
46.2439 1.95224e-312 1.61272e-312
46.5074 1.6976e-312 1.35808e-312
46.7719 1.71882e-312 1.3793e-312
47.0375 1.97346e-312 1.63394e-312
47.3039 1.71882e-312 1.3793e-312
47.5712 1.74004e-312 1.40052e-312
47.8392 1.99468e-312 1.65516e-312
48.1078 1.74004e-312 1.40052e-312
48.3771 1.76126e-312 1.42174e-312
48.6468 2.0159e-312 1.67638e-312
48.9169 1.76126e-312 1.42174e-312
49.1874 1.52784e-312 1.44296e-312
49.4581 2.03712e-312 1.6976e-312
49.729 1.78248e-312 1.44296e-312
50 1.8037e-312 1.46418e-312
50.271 2.05834e-312 1.71882e-312
50.5419 1.8037e-312 1.46418e-312
50.8126 1.82492e-312 1.4854e-312
51.0831 2.07956e-312 1.74004e-312
51.3532 1.82492e-312 1.4854e-312
51.6229 1.84614e-312 1.50662e-312
51.8922 2.10078e-312 1.76126e-312
52.1608 1.84614e-312 1.50662e-312
52.4288 1.86736e-312 1.2732e-312
52.6961 2.122e-312 1.78248e-312
52.9625 1.86736e-312 1.52784e-312
53.2281 1.88858e-312 1.54906e-312
53.4926 2.14322e-312 1.8037e-312
53.7561 1.88858e-312 1.54906e-312
54.0185 1.9098e-312 1.57028e-312
54.2796 2.16444e-312 1.82492e-312
54.5394 1.9098e-312 1.57028e-312
54.7979 1.93102e-312 1.5915e-312
55.0549 2.18566e-312 1.84614e-312
55.3103 1.93102e-312 1.5915e-312
55.5641 1.95224e-312 1.61272e-312
55.8162 2.20688e-312 1.86736e-312
56.0666 1.95224e-312 1.61272e-312
56.3151 1.97346e-312 1.63394e-312
56.5617 2.2281e-312 1.88858e-312
56.8063 1.97346e-312 1.63394e-312
57.0488 1.99468e-312 1.65516e-312
57.2891 2.24932e-312 1.9098e-312
57.5273 1.99468e-312 1.65516e-312
57.7631 2.0159e-312 1.67638e-312
57.9966 2.27054e-312 1.93102e-312
58.2277 2.0159e-312 1.67638e-312
58.4562 1.78248e-312 1.6976e-312
58.6822 2.29176e-312 1.95224e-312
58.9055 2.03712e-312 1.6976e-312
59.1261 2.05834e-312 1.71882e-312
59.3439 2.31298e-312 1.97346e-312
59.5589 2.05834e-312 1.71882e-312
59.771 2.07956e-312 1.74004e-312
59.9801 2.3342e-312 1.99468e-312
60.1861 2.07956e-312 1.74004e-312
60.3891 2.10078e-312 1.76126e-312
60.5889 2.35542e-312 2.0159e-312
60.7854 2.10078e-312 1.76126e-312
60.9787 2.122e-312 1.52784e-312
61.1686 2.37664e-312 2.03712e-312
61.3552 2.122e-312 1.78248e-312
61.5382 2.14322e-312 1.8037e-312
61.7178 2.39786e-312 2.05834e-312
61.8938 2.14322e-312 0
62.0662 2.16444e-312 1.82492e-312
62.2348 2.41908e-312 2.54086e-314
62.3998 2.16444e-312 1.82492e-312
62.561 2.18566e-312 1.84614e-312
62.7184 2.4403e-312 2.10078e-312
62.8718 2.18566e-312 1.84614e-312
63.0214 2.20688e-312 1.86736e-312
63.167 2.46152e-312 2.122e-312
63.3086 2.20688e-312 1.86736e-312
63.4461 2.2281e-312 1.88858e-312
63.5796 2.48274e-312 2.14322e-312
63.7089 2.2281e-312 1.88858e-312
63.834 2.24932e-312 1.9098e-312
63.9549 2.50396e-312 2.16444e-312
64.0716 2.24932e-312 1.9098e-312
64.1839 2.27054e-312 1.93102e-312
64.292 2.52517e-312 2.18566e-312
64.3957 2.27054e-312 1.93102e-312
64.495 2.03712e-312 1.95224e-312
64.5899 2.54639e-312 2.20688e-312
64.6804 2.29176e-312 1.95224e-312
64.7663 2.31298e-312 1.97346e-312
64.8478 2.56761e-312 2.2281e-312
64.9248 2.31298e-312 1.97346e-312
64.9972 2.3342e-312 1.99468e-312
65.065 2.58883e-312 2.24932e-312
65.1283 2.3342e-312 1.99468e-312
65.187 2.35542e-312 2.0159e-312
65.241 2.61005e-312 2.27054e-312
65.2904 2.35542e-312 2.0159e-312
65.3351 2.37664e-312 1.78248e-312
65.3751 2.63127e-312 2.29176e-312
65.4105 2.37664e-312 2.03712e-312
65.4412 2.39786e-312 2.05834e-312
65.4672 2.65249e-312 2.31298e-312
65.4884 2.39786e-312 2.05834e-312
65.505 2.41908e-312 2.07956e-312
65.5168 2.67371e-312 2.3342e-312
65.5239 2.41908e-312 2.07956e-312
65.5262 2.4403e-312 2.10078e-312
65.5239 2.69493e-312 2.35542e-312
65.5168 2.4403e-312 2.10078e-312
65.505 2.46152e-312 2.122e-312
65.4884 2.71615e-312 2.37664e-312
65.4672 2.46152e-312 2.122e-312
65.4412 2.48274e-312 2.14322e-312
65.4105 2.73737e-312 2.39786e-312
65.3751 2.48274e-312 2.14322e-312
65.3351 2.50396e-312 2.16444e-312
65.2904 2.75859e-312 2.41908e-312
65.241 2.50396e-312 2.16444e-312
65.187 2.52517e-312 2.18566e-312
65.1283 2.77981e-312 2.4403e-312
65.065 2.52517e-312 2.18566e-312
64.9972 2.29176e-312 2.20688e-312
64.9248 2.80103e-312 2.46152e-312
64.8478 2.54639e-312 2.20688e-312
64.7663 2.56761e-312 2.2281e-312
64.6804 2.82225e-312 2.48274e-312
64.5899 2.56761e-312 2.2281e-312
64.495 2.58883e-312 2.24932e-312
64.3957 2.84347e-312 2.50396e-312
64.292 2.58883e-312 2.24932e-312
64.1839 2.61005e-312 2.27054e-312
64.0716 2.86469e-312 2.52517e-312
63.9549 2.61005e-312 2.27054e-312
63.834 2.63127e-312 2.03712e-312
63.7089 2.88591e-312 2.54639e-312
63.5796 2.63127e-312 2.29176e-312
63.4461 2.65249e-312 2.31298e-312
63.3086 2.90713e-312 2.56761e-312
63.167 2.65249e-312 2.31298e-312
63.0214 2.67371e-312 2.3342e-312
62.8718 2.92835e-312 2.58883e-312
62.7184 2.67371e-312 2.3342e-312
62.561 2.69493e-312 2.35542e-312
62.3998 2.94957e-312 2.61005e-312
62.2348 2.69493e-312 2.35542e-312
62.0662 2.71615e-312 2.37664e-312
61.8938 2.97079e-312 2.63127e-312
61.7178 2.71615e-312 2.37664e-312
61.5382 2.73737e-312 2.39786e-312
61.3552 2.99201e-312 2.65249e-312
61.1686 2.73737e-312 2.39786e-312
60.9787 2.75859e-312 2.41908e-312
60.7854 3.01323e-312 2.67371e-312
60.5889 2.75859e-312 2.41908e-312
60.3891 2.77981e-312 2.4403e-312
60.1861 3.03445e-312 2.69493e-312
59.9801 2.77981e-312 2.4403e-312
59.771 2.54639e-312 2.46152e-312
59.5589 3.05567e-312 2.71615e-312
59.3439 2.80103e-312 2.46152e-312
59.1261 2.82225e-312 2.48274e-312
58.9055 3.07689e-312 2.73737e-312
58.6822 2.82225e-312 2.48274e-312
58.4562 2.84347e-312 2.50396e-312
58.2277 3.09811e-312 2.75859e-312
57.9966 2.84347e-312 2.50396e-312
57.7631 2.86469e-312 2.52517e-312
57.5273 3.11933e-312 2.77981e-312
57.2891 2.86469e-312 2.52517e-312
57.0488 2.88591e-312 2.29176e-312
56.8063 3.14055e-312 2.80103e-312
56.5617 2.88591e-312 2.54639e-312
56.3151 2.90713e-312 2.56761e-312
56.0666 3.16177e-312 2.82225e-312
55.8162 2.90713e-312 2.56761e-312
55.5641 2.92835e-312 2.58883e-312
55.3103 3.18299e-312 2.84347e-312
55.0549 2.92835e-312 2.58883e-312
54.7979 2.94957e-312 2.61005e-312
54.5394 3.20421e-312 2.86469e-312
54.2796 2.94957e-312 2.61005e-312
54.0185 2.97079e-312 2.63127e-312
53.7561 3.22543e-312 2.88591e-312
53.4926 2.97079e-312 2.63127e-312
53.2281 2.99201e-312 2.65249e-312
52.9625 3.24665e-312 2.90713e-312
52.6961 2.99201e-312 2.65249e-312
52.4288 3.01323e-312 2.67371e-312
52.1608 3.26787e-312 2.92835e-312
51.8922 3.01323e-312 2.67371e-312
51.6229 3.03445e-312 2.69493e-312
51.3532 3.28909e-312 2.94957e-312
51.0831 3.03445e-312 2.69493e-312
50.8126 2.80103e-312 2.71615e-312
50.5419 3.31031e-312 2.97079e-312
50.271 3.05567e-312 2.71615e-312
50 3.07689e-312 2.73737e-312
49.729 3.33153e-312 2.99201e-312
49.4581 3.07689e-312 2.73737e-312
49.1874 3.09811e-312 2.75859e-312
48.9169 3.35275e-312 3.01323e-312
48.6468 3.09811e-312 2.75859e-312
48.3771 3.11933e-312 2.77981e-312
48.1078 3.37397e-312 3.03445e-312
47.8392 3.11933e-312 2.77981e-312
47.5712 3.14055e-312 2.54639e-312
47.3039 3.39519e-312 3.05567e-312
47.0375 3.14055e-312 2.80103e-312
46.7719 3.16177e-312 2.82225e-312
46.5074 3.41641e-312 3.07689e-312
46.2439 3.16177e-312 2.82225e-312
45.9815 3.18299e-312 2.84347e-312
45.7204 3.43763e-312 3.09811e-312
45.4606 3.18299e-312 2.84347e-312
45.2021 3.20421e-312 2.86469e-312
44.9451 3.45885e-312 3.11933e-312
44.6897 3.20421e-312 2.86469e-312
44.4359 3.22543e-312 2.88591e-312
44.1838 3.48007e-312 3.14055e-312
43.9334 3.22543e-312 2.88591e-312
43.6849 3.24665e-312 2.90713e-312
43.4383 3.50129e-312 3.16177e-312
43.1937 3.24665e-312 2.90713e-312
42.9512 3.26787e-312 2.92835e-312
42.7109 3.52251e-312 3.18299e-312
42.4727 3.26787e-312 2.92835e-312
42.2369 3.28909e-312 2.94957e-312
42.0034 3.54373e-312 3.20421e-312
41.7723 3.28909e-312 2.94957e-312
41.5438 3.05567e-312 2.97079e-312
41.3178 3.56495e-312 3.22543e-312
41.0945 3.31031e-312 2.97079e-312
40.8739 3.33153e-312 2.99201e-312
40.6561 3.58617e-312 3.24665e-312
40.4411 3.33153e-312 2.99201e-312
40.229 3.35275e-312 3.01323e-312
40.0199 3.60739e-312 3.26787e-312
39.8139 3.35275e-312 3.01323e-312
39.6109 3.37397e-312 3.03445e-312
39.4111 3.62861e-312 3.28909e-312
39.2146 3.37397e-312 3.03445e-312
39.0213 3.39519e-312 2.80103e-312
38.8314 3.64983e-312 3.31031e-312
38.6448 3.39519e-312 3.05567e-312
38.4618 3.41641e-312 3.07689e-312
38.2822 3.67105e-312 3.33153e-312
38.1062 3.41641e-312 3.07689e-312
37.9338 3.43763e-312 3.09811e-312
37.7652 3.69227e-312 3.35275e-312
37.6002 3.43763e-312 3.09811e-312
37.439 3.45885e-312 3.11933e-312
37.2816 3.71349e-312 3.37397e-312
37.1282 3.45885e-312 3.11933e-312
36.9786 3.48007e-312 3.14055e-312
36.833 3.73471e-312 3.39519e-312
36.6914 3.48007e-312 3.14055e-312
36.5539 3.50129e-312 3.16177e-312
36.4204 3.75593e-312 3.41641e-312
36.2911 3.50129e-312 3.16177e-312
36.166 3.52251e-312 3.18299e-312
36.0451 3.77715e-312 3.43763e-312
35.9284 3.52251e-312 3.18299e-312
35.8161 3.54373e-312 3.20421e-312
35.708 3.79837e-312 3.45885e-312
35.6043 3.54373e-312 3.20421e-312
35.505 3.31031e-312 3.22543e-312
35.4101 3.81959e-312 3.48007e-312
35.3196 3.56495e-312 3.22543e-312
35.2337 3.58617e-312 3.24665e-312
35.1522 3.84081e-312 3.50129e-312
35.0752 3.58617e-312 3.24665e-312
35.0028 3.60739e-312 3.26787e-312
34.935 3.86203e-312 3.52251e-312
34.8717 3.60739e-312 3.26787e-312
34.813 0 3.28909e-312
34.759 3.76114e+179 3.54373e-312
34.7096 2.54086e-314 3.28909e-312
34.6649 1.0854e-71 3.05567e-312
34.6249 3.90447e-312 3.56495e-312
34.5895 3.64983e-312 3.31031e-312
34.5588 3.67105e-312 3.33153e-312
34.5328 3.92569e-312 3.58617e-312
34.5116 3.67105e-312 3.33153e-312
34.495 3.69227e-312 3.35275e-312
34.4832 3.94691e-312 3.60739e-312
34.4761 3.69227e-312 3.35275e-312
34.4738 3.71349e-312 3.37397e-312
34.4761 3.96813e-312 3.62861e-312
34.4832 3.71349e-312 3.37397e-312
34.495 3.73471e-312 3.39519e-312
34.5116 3.98935e-312 3.64983e-312
34.5328 3.73471e-312 3.39519e-312
34.5588 3.75593e-312 3.41641e-312
34.5895 4.01057e-312 3.67105e-312
34.6249 3.75593e-312 3.41641e-312
34.6649 3.77715e-312 3.43763e-312
34.7096 4.03179e-312 3.69227e-312
34.759 3.77715e-312 3.43763e-312
34.813 3.79837e-312 3.45885e-312
34.8717 4.05301e-312 3.71349e-312
34.935 3.79837e-312 3.45885e-312
35.0028 3.56495e-312 3.48007e-312
35.0752 4.07423e-312 3.73471e-312
35.1522 3.81959e-312 3.48007e-312
35.2337 3.84081e-312 3.50129e-312
35.3196 4.09545e-312 3.75593e-312
35.4101 3.84081e-312 3.50129e-312
35.505 3.86203e-312 3.52251e-312
35.6043 4.11667e-312 3.77715e-312
35.708 3.86203e-312 3.52251e-312
35.8161 3.88325e-312 3.54373e-312
35.9284 4.13789e-312 3.79837e-312
36.0451 3.88325e-312 3.54373e-312
36.166 3.90447e-312 3.31031e-312
36.2911 4.15911e-312 3.81959e-312
36.4204 3.90447e-312 3.56495e-312
36.5539 3.92569e-312 3.58617e-312
36.6914 4.18033e-312 3.84081e-312
36.833 3.92569e-312 3.58617e-312
36.9786 3.94691e-312 3.60739e-312
37.1282 4.20155e-312 3.86203e-312
37.2816 3.94691e-312 3.60739e-312
37.439 3.96813e-312 3.62861e-312
37.6002 4.22277e-312 3.88325e-312
37.7652 3.96813e-312 3.62861e-312
37.9338 3.98935e-312 3.64983e-312
38.1062 4.24399e-312 3.90447e-312
38.2822 3.98935e-312 3.64983e-312
38.4618 4.01057e-312 3.67105e-312
38.6448 4.26521e-312 3.92569e-312
38.8314 4.01057e-312 3.67105e-312
39.0213 4.03179e-312 3.69227e-312
39.2146 4.28643e-312 3.94691e-312
39.4111 4.03179e-312 3.69227e-312
39.6109 4.05301e-312 3.71349e-312
39.8139 4.30765e-312 3.96813e-312
40.0199 4.05301e-312 3.71349e-312
40.229 3.81959e-312 3.73471e-312
40.4411 4.32887e-312 3.98935e-312
40.6561 4.07423e-312 3.73471e-312
40.8739 4.09545e-312 3.75593e-312
41.0945 4.35009e-312 4.01057e-312
41.3178 4.09545e-312 3.75593e-312
41.5438 4.11667e-312 3.77715e-312
41.7723 4.37131e-312 4.03179e-312
42.0034 4.11667e-312 3.77715e-312
42.2369 4.13789e-312 3.79837e-312
42.4727 4.39253e-312 4.05301e-312
42.7109 4.13789e-312 3.79837e-312
42.9512 4.15911e-312 3.56495e-312
43.1937 4.41375e-312 4.07423e-312
43.4383 4.15911e-312 3.81959e-312
43.6849 4.18033e-312 3.84081e-312
43.9334 4.43497e-312 4.09545e-312
44.1838 4.18033e-312 3.84081e-312
44.4359 4.20155e-312 3.86203e-312
44.6897 4.45619e-312 4.11667e-312
44.9451 4.20155e-312 3.86203e-312
45.2021 4.22277e-312 3.88325e-312
45.4606 4.47741e-312 4.13789e-312
45.7204 4.22277e-312 3.88325e-312
45.9815 4.24399e-312 3.90447e-312
46.2439 4.49863e-312 4.15911e-312
46.5074 4.24399e-312 3.90447e-312
46.7719 4.26521e-312 3.92569e-312
47.0375 4.51985e-312 4.18033e-312
47.3039 4.26521e-312 3.92569e-312
47.5712 4.28643e-312 3.94691e-312
47.8392 4.54107e-312 4.20155e-312
48.1078 4.28643e-312 3.94691e-312
48.3771 4.30765e-312 3.96813e-312
48.6468 4.56229e-312 4.22277e-312
48.9169 4.30765e-312 3.96813e-312
49.1874 4.07423e-312 3.98935e-312
49.4581 4.58351e-312 4.24399e-312
49.729 4.32887e-312 3.98935e-312
50 4.35009e-312 4.01057e-312
50.271 4.60473e-312 4.26521e-312
50.5419 4.35009e-312 4.01057e-312
50.8126 4.37131e-312 4.03179e-312
51.0831 4.62595e-312 4.28643e-312
51.3532 4.37131e-312 4.03179e-312
51.6229 4.39253e-312 4.05301e-312
51.8922 4.64717e-312 4.30765e-312
52.1608 4.39253e-312 4.05301e-312
52.4288 4.41375e-312 3.81959e-312
52.6961 4.66839e-312 4.32887e-312
52.9625 4.41375e-312 4.07423e-312
53.2281 4.43497e-312 4.09545e-312
53.4926 4.68961e-312 4.35009e-312
53.7561 4.43497e-312 4.09545e-312
54.0185 4.45619e-312 4.11667e-312
54.2796 4.71083e-312 4.37131e-312
54.5394 4.45619e-312 4.11667e-312
54.7979 4.47741e-312 4.13789e-312
55.0549 4.73205e-312 4.39253e-312
55.3103 4.47741e-312 4.13789e-312
55.5641 4.49863e-312 4.15911e-312
55.8162 4.75327e-312 4.41375e-312
56.0666 4.49863e-312 4.15911e-312
56.3151 4.51985e-312 4.18033e-312
56.5617 4.77449e-312 4.43497e-312
56.8063 4.51985e-312 4.18033e-312
57.0488 4.54107e-312 4.20155e-312
57.2891 4.79571e-312 4.45619e-312
57.5273 4.54107e-312 4.20155e-312
57.7631 4.56229e-312 4.22277e-312
57.9966 4.81693e-312 4.47741e-312
58.2277 4.56229e-312 4.22277e-312
58.4562 4.32887e-312 4.24399e-312
58.6822 4.83815e-312 4.49863e-312
58.9055 4.58351e-312 4.24399e-312
59.1261 4.60473e-312 4.26521e-312
59.3439 4.85937e-312 4.51985e-312
59.5589 4.60473e-312 4.26521e-312
59.771 4.62595e-312 4.28643e-312
59.9801 4.88059e-312 4.54107e-312
60.1861 4.62595e-312 4.28643e-312
60.3891 4.64717e-312 4.30765e-312
60.5889 4.90181e-312 4.56229e-312
60.7854 4.64717e-312 4.30765e-312
60.9787 4.66839e-312 4.07423e-312
61.1686 4.92303e-312 4.58351e-312
61.3552 4.66839e-312 4.32887e-312
61.5382 4.68961e-312 4.35009e-312
61.7178 4.94425e-312 4.60473e-312
61.8938 4.68961e-312 4.35009e-312
62.0662 4.71083e-312 4.37131e-312
62.2348 4.96547e-312 4.62595e-312
62.3998 4.71083e-312 4.37131e-312
62.561 4.73205e-312 4.39253e-312
62.7184 4.98669e-312 4.64717e-312
62.8718 4.73205e-312 4.39253e-312
63.0214 4.75327e-312 4.41375e-312
63.167 5.00791e-312 4.66839e-312
63.3086 4.75327e-312 4.41375e-312
63.4461 4.77449e-312 4.43497e-312
63.5796 5.02913e-312 4.68961e-312
63.7089 4.77449e-312 4.43497e-312
63.834 4.79571e-312 4.45619e-312
63.9549 5.05035e-312 4.71083e-312
64.0716 4.79571e-312 4.45619e-312
64.1839 4.81693e-312 4.47741e-312
64.292 5.07157e-312 4.73205e-312
64.3957 4.81693e-312 4.47741e-312
64.495 4.58351e-312 4.49863e-312
64.5899 5.09279e-312 4.75327e-312
64.6804 4.83815e-312 4.49863e-312
64.7663 4.85937e-312 4.51985e-312
64.8478 5.11401e-312 4.77449e-312
64.9248 4.85937e-312 4.51985e-312
64.9972 4.88059e-312 4.54107e-312
65.065 5.13523e-312 4.79571e-312
65.1283 4.88059e-312 4.54107e-312
65.187 4.90181e-312 4.56229e-312
65.241 5.15645e-312 4.81693e-312
65.2904 4.90181e-312 4.56229e-312
65.3351 4.92303e-312 4.32887e-312
65.3751 5.17767e-312 4.83815e-312
65.4105 4.92303e-312 4.58351e-312
65.4412 4.94425e-312 4.60473e-312
65.4672 5.19889e-312 4.85937e-312
65.4884 4.94425e-312 4.60473e-312
65.505 4.96547e-312 4.62595e-312
65.5168 5.22011e-312 4.88059e-312
65.5239 4.96547e-312 4.62595e-312
