720
-127.02 40 50
-127.023 40.3237 50.054
-127.029 40.6474 50.1079
-127.039 40.9711 50.1619
-127.054 41.2945 50.2158
-127.073 41.6177 50.2698
-127.095 41.9407 50.3237
-127.123 42.2633 50.3777
-127.154 42.5855 50.4316
-127.189 42.9074 50.4855
-127.229 43.2287 50.5394
-127.273 43.5495 50.5933
-127.32 43.8698 50.6472
-127.372 44.1894 50.701
-127.428 44.5082 50.7549
-127.488 44.8264 50.8087
-127.552 45.1438 50.8625
-127.621 45.4602 50.9163
-127.693 45.7758 50.97
-127.769 46.0906 51.0238
-127.85 46.4041 51.0775
-127.934 46.7167 51.1312
-128.022 47.0284 51.1849
-128.115 47.3384 51.2385
-128.212 47.6475 51.2921
-128.312 47.9556 51.3457
-128.417 48.2619 51.3992
-128.526 48.5669 51.4527
-128.637 48.8709 51.5062
-128.754 49.173 51.5596
-128.874 49.4736 51.613
-128.998 49.7729 51.6664
-129.126 50.0704 51.7197
-129.258 50.366 51.773
-129.394 50.6603 51.8262
-129.533 50.9528 51.8794
-129.677 51.243 51.9325
-129.823 51.5318 51.9856
-129.973 51.8188 52.0387
-130.128 52.1031 52.0917
-130.286 52.3859 52.1446
-130.447 52.667 52.1975
-130.614 52.9451 52.2504
-130.783 53.2214 52.3032
-130.955 53.496 52.3559
-131.131 53.7676 52.4086
-131.311 54.0371 52.4612
-131.494 54.3046 52.5137
-131.681 54.5694 52.5662
-131.871 54.8315 52.6186
-132.064 55.0916 52.671
-132.261 55.3491 52.7233
-132.462 55.6035 52.7755
-132.665 55.8558 52.8277
-132.871 56.1057 52.8798
-133.082 56.3519 52.9318
-133.295 56.5959 52.9837
-133.511 56.8376 53.0356
-133.731 57.0755 53.0873
-133.954 57.3108 53.1391
-134.18 57.5437 53.1907
-134.409 57.7731 53.2422
-134.641 57.9993 53.2937
-134.876 58.223 53.3451
-135.113 58.4436 53.3964
-135.354 58.6603 53.4476
-135.598 58.8744 53.4987
-135.844 59.0859 53.5498
-136.093 59.2927 53.6007
-136.345 59.4968 53.6515
-136.599 59.6982 53.7023
-136.857 59.8955 53.7529
-137.117 60.0893 53.8035
-137.379 60.2802 53.854
-137.644 60.4676 53.9043
-137.911 60.6507 53.9546
-138.181 60.8309 54.0047
-138.453 61.0081 54.0548
-138.728 61.1802 54.1047
-139.005 61.3492 54.1545
-139.284 61.5152 54.2043
-139.565 61.6769 54.2539
-139.848 61.8344 54.3033
-140.134 61.9888 54.3527
-140.421 62.1397 54.402
-140.711 62.2855 54.4511
-141.003 62.4281 54.5001
-141.296 62.5673 54.5491
-141.591 62.7018 54.5978
-141.888 62.8322 54.6465
-142.187 62.9592 54.695
-142.488 63.0824 54.7434
-142.79 63.2004 54.7916
-143.094 63.3149 54.8398
-143.399 63.4259 54.8878
-143.706 63.5319 54.9356
-144.014 63.6337 54.9833
-144.324 63.7319 55.0309
-144.635 63.8263 55.0784
-144.947 63.915 55.1256
-145.26 64.0001 55.1728
-145.575 64.0816 55.2198
-145.891 64.1583 55.2666
-146.207 64.2301 55.3133
-146.525 64.2982 55.3599
-146.844 64.3626 55.4063
-147.163 64.4213 55.4525
-147.484 64.4759 55.4986
-147.805 64.5267 55.5445
-148.126 64.5733 55.5903
-148.449 64.6142 55.6358
-148.772 64.6512 55.6812
-149.095 64.6844 55.7265
-149.419 64.7127 55.7716
-149.743 64.7358 55.8165
-150.068 64.7551 55.8612
-150.393 64.7704 55.9058
-150.718 64.7803 55.9501
-151.043 64.7855 55.9943
-151.368 64.7867 56.0383
-151.693 64.7839 56.0822
-152.019 64.7754 56.1258
-152.344 64.7624 56.1692
-152.669 64.7455 56.2125
-152.993 64.7244 56.2555
-153.318 64.6975 56.2984
-153.642 64.6663 56.341
-153.965 64.631 56.3835
-154.288 64.5917 56.4258
-154.611 64.5465 56.4678
-154.932 64.4969 56.5096
-155.253 64.4433 56.5512
-155.574 64.3856 56.5927
-155.893 64.3222 56.6338
-156.212 64.2543 56.6748
-156.529 64.1823 56.7155
-156.846 64.1062 56.7561
-157.162 64.0248 56.7964
-157.476 63.9387 56.8364
-157.789 63.8484 56.8763
-158.101 63.754 56.9159
-158.411 63.6549 56.9553
-158.72 63.5506 56.9944
-159.027 63.4421 57.0332
-159.333 63.3296 57.0719
-159.637 63.213 57.1103
-159.94 63.0908 57.1484
-160.24 62.9644 57.1863
-160.539 62.834 57.2239
-160.836 62.6995 57.2613
-161.131 62.5603 57.2984
-161.424 62.4162 57.3352
-161.714 62.2682 57.3718
-162.003 62.1161 57.4081
-162.289 61.9601 57.4442
-162.573 61.799 57.4799
-162.854 61.6337 57.5154
-163.133 61.4644 57.5505
-163.41 61.2913 57.5854
-163.684 61.1142 57.6201
-163.955 60.9322 57.6544
-164.223 60.7462 57.6884
-164.489 60.5564 57.7221
-164.752 60.3628 57.7555
-165.012 60.1655 57.7886
-165.269 59.9635 57.8214
-165.522 59.7576 57.8539
-165.773 59.548 57.886
-166.02 59.3349 57.9179
-166.265 59.1181 57.9494
-166.506 58.8973 57.9806
-166.743 58.6724 58.0114
-166.977 58.4441 58.0419
-167.207 58.2123 58.0721
-167.434 57.9771 58.102
-167.658 57.7385 58.1315
-167.877 57.4959 58.1606
-168.092 57.2499 58.1894
-168.304 57.0006 58.2178
-168.512 56.7482 58.2459
-168.716 56.4926 58.2736
-168.916 56.2339 58.3009
-169.111 55.9717 58.3279
-169.303 55.7063 58.3544
-169.49 55.438 58.3806
-169.673 55.1668 58.4064
-169.852 54.8927 58.4318
-170.026 54.6159 58.4568
-170.197 54.3364 58.4814
-170.361 54.0536 58.5056
-170.522 53.7684 58.5293
-170.678 53.4805 58.5527
-170.83 53.1903 58.5756
-170.976 52.8976 58.5982
-171.119 52.6026 58.6203
-171.256 52.3053 58.6419
-171.388 52.0057 58.6632
-171.515 51.7038 58.6839
-171.637 51.3998 58.7042
-171.755 51.0938 58.724
-171.867 50.786 58.7434
-171.974 50.4763 58.7623
-172.076 50.1649 58.7808
-172.173 49.8518 58.7988
-172.265 49.5372 58.8163
-172.351 49.2209 58.8333
-172.431 48.9032 58.8498
-172.506 48.5841 58.8658
-172.576 48.2637 58.8813
-172.641 47.9422 58.8963
-172.7 47.6197 58.9107
-172.753 47.2961 58.9246
-172.801 46.9717 58.9381
-172.843 46.6465 58.9509
-172.88 46.3206 58.9633
-172.911 45.994 58.9751
-172.937 45.667 58.9863
-172.956 45.3395 58.997
-172.97 45.0118 59.007
-172.978 44.6838 59.0165
-172.98 44.3557 59.0254
-172.977 44.0276 59.0338
-172.967 43.6996 59.0415
-172.952 43.3718 59.0486
-172.931 43.0443 59.0551
-172.904 42.7173 59.061
-172.871 42.3907 59.0662
-172.832 42.0649 59.0708
-172.787 41.7397 59.0748
-172.737 41.4154 59.0781
-172.68 41.0921 59.0808
-172.618 40.7699 59.0828
-172.549 40.4489 59.0841
-172.475 40.1292 59.0847
-172.395 39.8109 59.0846
-172.309 39.4942 59.0839
-172.217 39.1791 59.0824
-172.119 38.8658 59.0802
-172.015 38.5544 59.0773
-171.906 38.2451 59.0736
-171.79 37.9378 59.0692
-171.669 37.6328 59.064
-171.542 37.3302 59.0581
-171.41 37.0301 59.0514
-171.271 36.7326 59.0439
-171.127 36.4378 59.0356
-170.977 36.1459 59.0265
-170.822 35.8571 59.0166
-170.66 35.5715 59.0058
-170.493 35.289 58.9942
-170.321 35.0099 58.9817
-170.143 34.7343 58.9684
-169.96 34.4623 58.9543
-169.772 34.194 58.9392
-169.578 33.9295 58.9233
-169.379 33.669 58.9065
-169.175 33.4125 58.8887
-168.966 33.1601 58.8701
-168.752 32.9124 58.8504
-168.532 32.6692 58.8298
-168.308 32.4305 58.8083
-168.079 32.1965 58.7858
-167.845 31.9672 58.7623
-167.607 31.7428 58.7378
-167.364 31.5234 58.7124
-167.117 31.3093 58.6858
-166.865 31.1008 58.6582
-166.609 30.8975 58.6296
-166.349 30.6997 58.5999
-166.085 30.5073 58.5692
-165.817 30.3206 58.5374
-165.544 30.1402 58.5044
-165.268 29.9657 58.4703
-164.989 29.7971 58.4351
-164.706 29.6345 58.3988
-164.42 29.478 58.3613
-164.13 29.3285 58.3225
-163.838 29.1853 58.2827
-163.542 29.0483 58.2416
-163.244 28.9177 58.1994
-162.943 28.7946 58.1558
-162.64 28.678 58.111
-162.334 28.568 58.065
-162.026 28.4651 58.0177
-161.716 28.3696 57.9691
-161.404 28.2809 57.9192
-161.09 28.1989 57.868
-160.774 28.1251 57.8154
-160.458 28.0582 57.7615
-160.14 27.9982 57.7063
-159.821 27.9463 57.6495
-159.501 27.9016 57.5915
-159.18 27.8639 57.5321
-158.859 27.8346 57.4712
-158.537 27.8124 57.4088
-158.216 27.7976 57.3451
-157.894 27.7909 57.2798
-157.573 27.7913 57.2132
-157.252 27.7998 57.1449
-156.932 27.8157 57.0752
-156.612 27.8391 57.004
-156.294 27.8706 56.9312
-155.976 27.909 56.857
-155.66 27.9559 56.7811
-155.346 28.0097 56.7037
-155.033 28.0715 56.6247
-154.723 28.1405 56.5441
-154.414 28.2172 56.4619
-154.108 28.3011 56.3782
-153.805 28.3926 56.2927
-153.504 28.4912 56.2057
-153.207 28.5973 56.117
-152.912 28.7103 56.0268
-152.621 28.8307 55.9348
-152.333 28.9577 55.8413
-152.049 29.0922 55.746
-151.769 29.2329 55.6492
-151.493 29.3808 55.5507
-151.221 29.5351 55.4505
-150.954 29.6958 55.3487
-150.691 29.8631 55.2452
-150.433 30.0363 55.1401
-150.18 30.216 55.0333
-149.931 30.4015 54.9249
-149.688 30.5926 54.815
-149.451 30.7898 54.7033
-149.219 30.9923 54.5901
-148.992 31.2001 54.4753
-148.771 31.4134 54.3589
-148.557 31.6317 54.2409
-148.347 31.8546 54.1215
-148.145 32.0827 54.0005
-147.948 32.3152 53.878
-147.758 32.5519 53.754
-147.573 32.793 53.6286
-147.396 33.0383 53.5018
-147.225 33.2873 53.3736
-147.06 33.54 53.2441
-146.902 33.7963 53.1133
-146.752 34.0561 52.9811
-146.607 34.319 52.8477
-146.47 34.5849 52.7132
-146.339 34.8537 52.5775
-146.215 35.1252 52.4407
-146.099 35.3993 52.3028
-145.989 35.6757 52.164
-145.886 35.9542 52.0242
-145.79 36.2348 51.8835
-145.701 36.5174 51.7419
-145.62 36.8016 51.5996
-145.545 37.0875 51.4565
-145.478 37.3747 51.3128
-145.417 37.6632 51.1685
-145.364 37.9529 51.0236
-145.318 38.2435 50.8783
-145.279 38.535 50.7325
-145.247 38.8272 50.5864
-145.222 39.1199 50.4401
-145.204 39.413 50.2935
-145.193 39.7064 50.1468
-145.189 40 50
-145.193 40.2936 49.8532
-145.204 40.587 49.7065
-145.222 40.8801 49.5599
-145.247 41.1728 49.4136
-145.279 41.465 49.2675
-145.318 41.7565 49.1217
-145.364 42.0471 48.9764
-145.417 42.3368 48.8315
-145.478 42.6253 48.6872
-145.545 42.9125 48.5435
-145.62 43.1984 48.4004
-145.701 43.4826 48.2581
-145.79 43.7652 48.1165
-145.886 44.0458 47.9758
-145.989 44.3243 47.836
-146.099 44.6007 47.6972
-146.215 44.8748 47.5593
-146.339 45.1463 47.4225
-146.47 45.4151 47.2868
-146.607 45.681 47.1523
-146.752 45.9439 47.0189
-146.902 46.2037 46.8867
-147.06 46.46 46.7559
-147.225 46.7127 46.6264
-147.396 46.9617 46.4982
-147.573 47.207 46.3714
-147.758 47.4481 46.246
-147.948 47.6848 46.122
-148.145 47.9173 45.9995
-148.347 48.1454 45.8785
-148.557 48.3683 45.7591
-148.771 48.5866 45.6411
-148.992 48.7999 45.5247
-149.219 49.0077 45.4099
-149.451 49.2102 45.2967
-149.688 49.4074 45.185
-149.931 49.5985 45.0751
-150.18 49.784 44.9667
-150.433 49.9637 44.8599
-150.691 50.1369 44.7548
-150.954 50.3042 44.6513
-151.221 50.4649 44.5495
-151.493 50.6192 44.4493
-151.769 50.7671 44.3508
-152.049 50.9078 44.254
-152.333 51.0423 44.1587
-152.621 51.1693 44.0652
-152.912 51.2897 43.9732
-153.207 51.4027 43.883
-153.504 51.5088 43.7943
-153.805 51.6074 43.7073
-154.108 51.6989 43.6218
-154.414 51.7828 43.5381
-154.723 51.8595 43.4559
-155.033 51.9285 43.3753
-155.346 51.9903 43.2963
-155.66 52.0441 43.2189
-155.976 52.091 43.143
-156.294 52.1294 43.0688
-156.612 52.1609 42.996
-156.932 52.1843 42.9248
-157.252 52.2002 42.8551
-157.573 52.2087 42.7868
-157.894 52.2091 42.7202
-158.216 52.2024 42.6549
-158.537 52.1876 42.5912
-158.859 52.1654 42.5288
-159.18 52.1361 42.4679
-159.501 52.0984 42.4085
-159.821 52.0537 42.3505
-160.14 52.0018 42.2937
-160.458 51.9418 42.2385
-160.774 51.8749 42.1846
-161.09 51.8011 42.132
-161.404 51.7191 42.0808
-161.716 51.6304 42.0309
-162.026 51.5349 41.9823
-162.334 51.432 41.935
-162.64 51.322 41.889
-162.943 51.2054 41.8442
-163.244 51.0823 41.8006
-163.542 50.9517 41.7584
-163.838 50.8147 41.7173
-164.13 50.6715 41.6775
-164.42 50.522 41.6387
-164.706 50.3655 41.6012
-164.989 50.2029 41.5649
-165.268 50.0343 41.5297
-165.544 49.8598 41.4956
-165.817 49.6794 41.4626
-166.085 49.4927 41.4308
-166.349 49.3003 41.4001
-166.609 49.1025 41.3704
-166.865 48.8992 41.3418
-167.117 48.6907 41.3142
-167.364 48.4766 41.2876
-167.607 48.2572 41.2622
-167.845 48.0328 41.2377
-168.079 47.8035 41.2142
-168.308 47.5695 41.1917
-168.532 47.3308 41.1702
-168.752 47.0876 41.1496
-168.966 46.8399 41.1299
-169.175 46.5875 41.1113
-169.379 46.331 41.0935
-169.578 46.0705 41.0767
-169.772 45.806 41.0608
-169.96 45.5377 41.0457
-170.143 45.2657 41.0316
-170.321 44.9901 41.0183
-170.493 44.711 41.0058
-170.66 44.4285 40.9942
-170.822 44.1429 40.9834
-170.977 43.8541 40.9735
-171.127 43.5622 40.9644
-171.271 43.2674 40.9561
-171.41 42.9699 40.9486
-171.542 42.6698 40.9419
-171.669 42.3672 40.936
-171.79 42.0622 40.9308
-171.906 41.7549 40.9264
-172.015 41.4456 40.9227
-172.119 41.1342 40.9198
-172.217 40.8209 40.9176
-172.309 40.5058 40.9161
-172.395 40.1891 40.9154
-172.475 39.8708 40.9153
-172.549 39.5511 40.9159
-172.618 39.2301 40.9172
-172.68 38.9079 40.9192
-172.737 38.5846 40.9219
-172.787 38.2603 40.9252
-172.832 37.9351 40.9292
-172.871 37.6093 40.9338
-172.904 37.2827 40.939
-172.931 36.9557 40.9449
-172.952 36.6282 40.9514
-172.967 36.3004 40.9585
-172.977 35.9724 40.9662
-172.98 35.6443 40.9746
-172.978 35.3162 40.9835
-172.97 34.9882 40.993
-172.956 34.6605 41.003
-172.937 34.333 41.0137
-172.911 34.006 41.0249
-172.88 33.6794 41.0367
-172.843 33.3535 41.0491
-172.801 33.0283 41.0619
-172.753 32.7039 41.0754
-172.7 32.3803 41.0893
-172.641 32.0578 41.1037
-172.576 31.7363 41.1187
-172.506 31.4159 41.1342
-172.431 31.0968 41.1502
-172.351 30.7791 41.1667
-172.265 30.4628 41.1837
-172.173 30.1482 41.2012
-172.076 29.8351 41.2192
-171.974 29.5237 41.2377
-171.867 29.214 41.2566
-171.755 28.9062 41.276
-171.637 28.6002 41.2958
-171.515 28.2962 41.3161
-171.388 27.9943 41.3368
-171.256 27.6947 41.3581
-171.119 27.3974 41.3797
-170.976 27.1024 41.4018
-170.83 26.8097 41.4244
-170.678 26.5195 41.4473
-170.522 26.2316 41.4707
-170.361 25.9464 41.4944
-170.197 25.6636 41.5186
-170.026 25.3841 41.5432
-169.852 25.1073 41.5682
-169.673 24.8332 41.5936
-169.49 24.562 41.6194
-169.303 24.2937 41.6456
-169.111 24.0283 41.6721
-168.916 23.7661 41.6991
-168.716 23.5074 41.7264
-168.512 23.2518 41.7541
-168.304 22.9994 41.7822
-168.092 22.7501 41.8106
-167.877 22.5041 41.8394
-167.658 22.2615 41.8685
-167.434 22.0229 41.898
-167.207 21.7877 41.9279
-166.977 21.5559 41.9581
-166.743 21.3276 41.9886
-166.506 21.1027 42.0194
-166.265 20.8819 42.0506
-166.02 20.6651 42.0821
-165.773 20.452 42.114
-165.522 20.2424 42.1461
-165.269 20.0365 42.1786
-165.012 19.8345 42.2114
-164.752 19.6372 42.2445
-164.489 19.4436 42.2779
-164.223 19.2538 42.3116
-163.955 19.0678 42.3456
-163.684 18.8858 42.3799
-163.41 18.7087 42.4146
-163.133 18.5356 42.4495
-162.854 18.3663 42.4846
-162.573 18.201 42.5201
-162.289 18.0399 42.5558
-162.003 17.8839 42.5919
-161.714 17.7318 42.6282
-161.424 17.5838 42.6648
-161.131 17.4397 42.7016
-160.836 17.3005 42.7387
-160.539 17.166 42.7761
-160.24 17.0356 42.8137
-159.94 16.9092 42.8516
-159.637 16.787 42.8897
-159.333 16.6704 42.9281
-159.027 16.5579 42.9668
-158.72 16.4494 43.0056
-158.411 16.3451 43.0447
-158.101 16.246 43.0841
-157.789 16.1516 43.1237
-157.476 16.0613 43.1636
-157.162 15.9752 43.2036
-156.846 15.8938 43.2439
-156.529 15.8177 43.2845
-156.212 15.7457 43.3252
-155.893 15.6778 43.3662
-155.574 15.6144 43.4073
-155.253 15.5567 43.4488
-154.932 15.5031 43.4904
-154.611 15.4535 43.5322
-154.288 15.4083 43.5742
-153.965 15.369 43.6165
-153.642 15.3337 43.659
-153.318 15.3025 43.7016
-152.993 15.2756 43.7445
-152.669 15.2545 43.7875
-152.344 15.2376 43.8308
-152.019 15.2246 43.8742
-151.693 15.2161 43.9178
-151.368 15.2133 43.9617
-151.043 15.2145 44.0057
-150.718 15.2197 44.0499
-150.393 15.2296 44.0942
-150.068 15.2449 44.1388
-149.743 15.2642 44.1835
-149.419 15.2873 44.2284
-149.095 15.3156 44.2735
-148.772 15.3488 44.3188
-148.449 15.3858 44.3642
-148.126 15.4267 44.4097
-147.805 15.4733 44.4555
-147.484 15.5241 44.5014
-147.163 15.5787 44.5475
-146.844 15.6374 44.5937
-146.525 15.7018 44.6401
-146.207 15.7699 44.6867
-145.891 15.8417 44.7334
-145.575 15.9184 44.7802
-145.26 15.9999 44.8272
-144.947 16.085 44.8744
-144.635 16.1737 44.9216
-144.324 16.2681 44.9691
-144.014 16.3663 45.0167
-143.706 16.4681 45.0644
-143.399 16.5741 45.1122
-143.094 16.6851 45.1602
-142.79 16.7996 45.2084
-142.488 16.9176 45.2566
-142.187 17.0408 45.305
-141.888 17.1678 45.3535
-141.591 17.2982 45.4022
-141.296 17.4327 45.4509
-141.003 17.5719 45.4999
-140.711 17.7145 45.5489
-140.421 17.8603 45.598
-140.134 18.0112 45.6473
-139.848 18.1656 45.6967
-139.565 18.3231 45.7461
-139.284 18.4848 45.7957
-139.005 18.6508 45.8455
-138.728 18.8198 45.8953
-138.453 18.9919 45.9452
-138.181 19.1691 45.9953
-137.911 19.3493 46.0454
-137.644 19.5324 46.0957
-137.379 19.7198 46.146
-137.117 19.9107 46.1965
-136.857 20.1045 46.2471
-136.599 20.3018 46.2977
-136.345 20.5032 46.3485
-136.093 20.7073 46.3993
-135.844 20.9141 46.4502
-135.598 21.1256 46.5013
-135.354 21.3397 46.5524
-135.113 21.5564 46.6036
-134.876 21.777 46.6549
-134.641 22.0007 46.7063
-134.409 22.2269 46.7578
-134.18 22.4563 46.8093
-133.954 22.6892 46.8609
-133.731 22.9245 46.9127
-133.511 23.1624 46.9644
-133.295 23.4041 47.0163
-133.082 23.6481 47.0682
-132.871 23.8943 47.1202
-132.665 24.1442 47.1723
-132.462 24.3965 47.2245
-132.261 24.6509 47.2767
-132.064 24.9084 47.329
-131.871 25.1685 47.3814
-131.681 25.4306 47.4338
-131.494 25.6954 47.4863
-131.311 25.9629 47.5388
-131.131 26.2324 47.5914
-130.955 26.504 47.6441
-130.783 26.7786 47.6968
-130.614 27.0549 47.7496
-130.447 27.333 47.8025
-130.286 27.6141 47.8554
-130.128 27.8969 47.9083
-129.973 28.1812 47.9613
-129.823 28.4682 48.0144
-129.677 28.757 48.0675
-129.533 29.0472 48.1206
-129.394 29.3397 48.1738
-129.258 29.634 48.227
-129.126 29.9296 48.2803
-128.998 30.2271 48.3336
-128.874 30.5264 48.387
-128.754 30.827 48.4404
-128.637 31.1291 48.4938
-128.526 31.4331 48.5473
-128.417 31.7381 48.6008
-128.312 32.0444 48.6543
-128.212 32.3525 48.7079
-128.115 32.6616 48.7615
-128.022 32.9716 48.8151
-127.934 33.2833 48.8688
-127.85 33.5959 48.9225
-127.769 33.9094 48.9762
-127.693 34.2242 49.03
-127.621 34.5398 49.0837
-127.552 34.8562 49.1375
-127.488 35.1736 49.1913
-127.428 35.4918 49.2451
-127.372 35.8106 49.299
-127.32 36.1302 49.3528
-127.273 36.4505 49.4067
-127.229 36.7713 49.4606
-127.189 37.0926 49.5145
-127.154 37.4145 49.5684
-127.123 37.7367 49.6223
-127.095 38.0593 49.6763
-127.073 38.3823 49.7302
-127.054 38.7055 49.7842
-127.039 39.0289 49.8381
-127.029 39.3526 49.8921
-127.023 39.6763 49.946
40 50 6.02647e-312
40.3237 50.054 5.77183e-312
40.6474 50.1079 5.79305e-312
40.9711 50.1619 6.04769e-312
41.2945 50.2158 5.79305e-312
41.6177 50.2698 5.81427e-312
41.9407 50.3237 6.06891e-312
42.2633 50.3777 5.81427e-312
42.5855 50.4316 5.83549e-312
42.9074 50.4855 6.09013e-312
43.2287 50.5394 5.83549e-312
43.5495 50.5933 5.60207e-312
43.8698 50.6472 6.11135e-312
44.1894 50.701 5.85671e-312
44.5082 50.7549 5.87793e-312
44.8264 50.8087 6.13257e-312
45.1438 50.8625 4.58224e-72
45.4602 50.9163 5.03284e-38
45.7758 50.97 1.38532e-259
46.0906 51.0238 2.99855
46.4041 51.0775 -0.0130571
46.7167 51.1312 0.031362
47.0284 51.1849 2.99625
47.3384 51.2385 -0.0260432
47.6475 51.2921 0.0626536
47.9556 51.3457 2.99149
48.2619 51.3992 -0.0388548
48.5669 51.4527 0.0937725
48.8709 51.5062 2.98511
49.173 51.5596 -0.0514583
49.4736 51.613 0.124686
49.7729 51.6664 2.97681
50.0704 51.7197 -0.0637304
50.366 51.773 0.155273
50.6603 51.8262 2.96695
50.9528 51.8794 -0.0756675
51.243 51.9325 0.185531
51.5318 51.9856 2.95537
51.8188 52.0387 -0.0871529
52.1031 52.0917 0.215347
52.3859 52.1446 2.94231
52.667 52.1975 -0.0981849
52.9451 52.2504 0.244723
53.2214 52.3032 2.92779
53.496 52.3559 -0.108698
53.7676 52.4086 0.273597
54.0371 52.4612 2.91185
54.3046 52.5137 -0.118641
54.5694 52.5662 0.301923
54.8315 52.6186 2.89473
55.0916 52.671 -0.128046
55.3491 52.7233 0.329736
55.6035 52.7755 2.87629
55.8558 52.8277 -0.136786
56.1057 52.8798 0.356918
56.3519 52.9318 2.85678
56.5959 52.9837 -0.144926
56.8376 53.0356 0.383535
57.0755 53.0873 2.8363
57.3108 53.1391 -0.152466
57.5437 53.1907 0.409593
57.7731 53.2422 2.81477
57.9993 53.2937 -0.159296
58.223 53.3451 0.434992
58.4436 53.3964 2.79239
58.6603 53.4476 -0.165491
58.8744 53.4987 0.459808
59.0859 53.5498 2.76923
59.2927 53.6007 -0.171061
59.4968 53.6515 0.484054
59.6982 53.7023 2.74533
59.8955 53.7529 -0.17599
60.0893 53.8035 0.507719
60.2802 53.854 2.72069
60.4676 53.9043 -0.180205
60.6507 53.9546 0.530744
60.8309 54.0047 2.69544
61.0081 54.0548 -0.183795
61.1802 54.1047 0.553214
61.3492 54.1545 2.66963
61.5152 54.2043 -0.186762
61.6769 54.2539 0.575133
61.8344 54.3033 2.64331
61.9888 54.3527 -0.18911
62.1397 54.402 0.59651
62.2855 54.4511 2.61651
62.4281 54.5001 -0.190843
62.5673 54.5491 0.617353
62.7018 54.5978 2.58925
62.8322 54.6465 -0.19192
62.9592 54.695 0.637631
63.0824 54.7434 2.56159
63.2004 54.7916 -0.192381
63.3149 54.8398 0.657382
63.4259 54.8878 2.53358
63.5319 54.9356 -0.192253
63.6337 54.9833 0.676633
63.7319 55.0309 2.50524
63.8263 55.0784 -0.191542
63.915 55.1256 0.695393
64.0001 55.1728 2.47661
64.0816 55.2198 -0.190258
64.1583 55.2666 0.713673
64.2301 55.3133 2.44772
64.2982 55.3599 -0.188407
64.3626 55.4063 0.731483
64.4213 55.4525 2.41859
64.4759 55.4986 -0.185998
64.5267 55.5445 0.748832
64.5733 55.5903 2.38925
64.6142 55.6358 -0.183041
64.6512 55.6812 0.765732
64.6844 55.7265 2.35971
64.7127 55.7716 -0.179545
64.7358 55.8165 0.782192
64.7551 55.8612 2.33001
64.7704 55.9058 -0.175518
64.7803 55.9501 0.798221
64.7855 55.9943 2.30016
64.7867 56.0383 -0.170969
64.7839 56.0822 0.813831
64.7754 56.1258 2.27018
64.7624 56.1692 -0.165908
64.7455 56.2125 0.82903
64.7244 56.2555 2.24009
64.6975 56.2984 -0.160344
64.6663 56.341 0.843828
64.631 56.3835 2.20991
64.5917 56.4258 -0.154285
64.5465 56.4678 0.858233
64.4969 56.5096 2.17964
64.4433 56.5512 -0.147741
64.3856 56.5927 0.872255
64.3222 56.6338 2.14931
64.2543 56.6748 -0.14072
64.1823 56.7155 0.885903
64.1062 56.7561 2.11893
64.0248 56.7964 -0.133232
63.9387 56.8364 0.899184
63.8484 56.8763 2.08851
63.754 56.9159 -0.125284
63.6549 56.9553 0.912106
63.5506 56.9944 2.05807
63.4421 57.0332 -0.116885
63.3296 57.0719 0.924678
63.213 57.1103 2.02761
63.0908 57.1484 -0.108044
62.9644 57.1863 0.936907
62.834 57.2239 1.99715
62.6995 57.2613 -0.0987685
62.5603 57.2984 0.948801
62.4162 57.3352 1.96669
62.2682 57.3718 -0.0890665
62.1161 57.4081 0.960365
61.9601 57.4442 1.93625
61.799 57.4799 -0.0789459
61.6337 57.5154 0.971608
61.4644 57.5505 1.90584
61.2913 57.5854 -0.0683949
61.1142 57.6201 0.98252
60.9322 57.6544 1.87546
60.7462 57.6884 -0.0574038
60.5564 57.7221 0.993095
60.3628 57.7555 1.84512
60.1655 57.7886 -0.0460136
59.9635 57.8214 1.00336
59.7576 57.8539 1.81484
59.548 57.886 -0.0342315
59.3349 57.9179 1.01333
59.1181 57.9494 1.78461
58.8973 57.9806 -0.0220647
58.6724 58.0114 1.02301
58.4441 58.0419 1.75444
58.2123 58.0721 -0.00951987
57.9771 58.102 1.0324
57.7385 58.1315 1.72435
57.4959 58.1606 0.00339614
57.2499 58.1894 1.0415
57.0006 58.2178 1.69433
56.7482 58.2459 0.0166769
56.4926 58.2736 1.05033
56.2339 58.3009 1.6644
55.9717 58.3279 0.0303504
55.7063 58.3544 1.05885
55.438 58.3806 1.63457
55.1668 58.4064 0.0444176
54.8927 58.4318 1.06708
54.6159 58.4568 1.60483
54.3364 58.4814 0.0588326
54.0536 58.5056 1.07504
53.7684 58.5293 1.57519
53.4805 58.5527 0.0735895
53.1903 58.5756 1.08273
52.8976 58.5982 1.54566
52.6026 58.6203 0.0886825
52.3053 58.6419 1.09017
52.0057 58.6632 1.51623
51.7038 58.6839 0.104106
51.3998 58.7042 1.09736
51.0938 58.724 1.48692
50.786 58.7434 0.119874
50.4763 58.7623 1.10428
50.1649 58.7808 1.45775
49.8518 58.7988 0.136028
49.5372 58.8163 1.1109
49.2209 58.8333 1.42871
48.9032 58.8498 0.152497
48.5841 58.8658 1.11728
48.2637 58.8813 0
47.9422 58.8963 1.99333
47.6197 58.9107 0
47.2961 58.9246 2.07516
46.9717 58.9381 2.11639
46.6465 58.9509 2.15783
46.3206 58.9633 2.19946
45.994 58.9751 2.24129
45.667 58.9863 2.28329
45.3395 58.997 2.32545
45.0118 59.007 2.36778
44.6838 59.0165 2.41026
44.3557 59.0254 2.45289
44.0276 59.0338 2.49564
43.6996 59.0415 2.53852
43.3718 59.0486 2.58152
43.0443 59.0551 2.62462
42.7173 59.061 2.66782
42.3907 59.0662 2.7111
42.0649 59.0708 2.75446
41.7397 59.0748 2.79789
41.4154 59.0781 2.84137
41.0921 59.0808 2.88491
40.7699 59.0828 2.92848
40.4489 59.0841 2.97208
40.1292 59.0847 3.0157
39.8109 59.0846 3.05934
39.4942 59.0839 3.10297
39.1791 59.0824 3.14659
38.8658 59.0802 3.19019
38.5544 59.0773 3.23376
38.2451 59.0736 3.2773
37.9378 59.0692 3.32078
37.6328 59.064 3.36421
37.3302 59.0581 3.40757
37.0301 59.0514 3.45086
36.7326 59.0439 3.49405
36.4378 59.0356 3.53715
36.1459 59.0265 3.58015
35.8571 59.0166 3.62303
35.5715 59.0058 3.66578
35.289 58.9942 3.70841
35.0099 58.9817 3.75089
34.7343 58.9684 3.79322
34.4623 58.9543 3.83538
34.194 58.9392 3.87738
33.9295 58.9233 3.91921
33.669 58.9065 3.96084
33.4125 58.8887 4.00228
33.1601 58.8701 4.04351
32.9124 58.8504 4.08454
32.6692 58.8298 4.12534
32.4305 58.8083 4.16592
32.1965 58.7858 4.20626
31.9672 58.7623 4.24635
31.7428 58.7378 4.2862
31.5234 58.7124 4.32578
31.3093 58.6858 4.3651
31.1008 58.6582 4.40415
30.8975 58.6296 4.44291
30.6997 58.5999 4.48139
30.5073 58.5692 4.51958
30.3206 58.5374 4.55746
30.1402 58.5044 4.59504
29.9657 58.4703 4.63231
29.7971 58.4351 4.66927
29.6345 58.3988 4.7059
29.478 58.3613 4.7422
29.3285 58.3225 4.77817
29.1853 58.2827 4.81381
29.0483 58.2416 4.8491
28.9177 58.1994 4.88405
28.7946 58.1558 4.91865
28.678 58.111 4.9529
28.568 58.065 4.98679
28.4651 58.0177 5.02033
28.3696 57.9691 5.0535
28.2809 57.9192 5.08632
28.1989 57.868 5.11877
28.1251 57.8154 5.15085
28.0582 57.7615 5.18257
27.9982 57.7063 5.21393
27.9463 57.6495 5.24492
27.9016 57.5915 5.27555
27.8639 57.5321 5.30581
27.8346 57.4712 5.33571
27.8124 57.4088 5.36525
27.7976 57.3451 5.39443
27.7909 57.2798 5.42326
27.7913 57.2132 5.45173
27.7998 57.1449 5.47986
27.8157 57.0752 5.50765
27.8391 57.004 5.5351
27.8706 56.9312 5.56223
27.909 56.857 5.58903
27.9559 56.7811 5.61551
28.0097 56.7037 5.64168
28.0715 56.6247 5.66756
28.1405 56.5441 5.69315
28.2172 56.4619 5.71845
28.3011 56.3782 5.74349
28.3926 56.2927 5.76827
28.4912 56.2057 5.7928
28.5973 56.117 5.8171
28.7103 56.0268 5.84118
28.8307 55.9348 5.86505
28.9577 55.8413 5.88874
29.0922 55.746 5.91225
29.2329 55.6492 5.93559
29.3808 55.5507 5.9588
29.5351 55.4505 5.98188
29.6958 55.3487 6.00484
29.8631 55.2452 6.02772
30.0363 55.1401 6.05052
30.216 55.0333 6.07327
30.4015 54.9249 6.09598
30.5926 54.815 6.11867
30.7898 54.7033 6.14136
30.9923 54.5901 6.16407
31.2001 54.4753 6.18682
31.4134 54.3589 6.20962
31.6317 54.2409 6.2325
31.8546 54.1215 6.25547
32.0827 54.0005 6.27854
32.3152 53.878 6.30175
32.5519 53.754 6.3251
32.793 53.6286 6.3486
33.0383 53.5018 6.37229
33.2873 53.3736 6.39616
33.54 53.2441 6.42024
33.7963 53.1133 6.44454
34.0561 52.9811 6.46907
34.319 52.8477 6.49385
34.5849 52.7132 6.51889
34.8537 52.5775 6.54419
35.1252 52.4407 6.56978
35.3993 52.3028 6.59566
35.6757 52.164 6.62183
35.9542 52.0242 6.64831
36.2348 51.8835 6.67511
36.5174 51.7419 6.70224
36.8016 51.5996 6.72969
37.0875 51.4565 6.75748
37.3747 51.3128 6.78561
37.6632 51.1685 6.81408
37.9529 51.0236 6.84291
38.2435 50.8783 6.87209
38.535 50.7325 6.90163
38.8272 50.5864 6.93153
39.1199 50.4401 6.9618
39.413 50.2935 6.99242
39.7064 50.1468 7.02341
40 50 7.05477
40.2936 49.8532 7.08649
40.587 49.7065 7.11857
40.8801 49.5599 7.15102
41.1728 49.4136 7.18384
41.465 49.2675 7.21701
41.7565 49.1217 7.25055
42.0471 48.9764 7.28444
42.3368 48.8315 7.31869
42.6253 48.6872 7.35329
42.9125 48.5435 7.38824
43.1984 48.4004 7.42353
43.4826 48.2581 7.45917
43.7652 48.1165 7.49514
44.0458 47.9758 7.53144
44.3243 47.836 7.56807
44.6007 47.6972 7.60503
44.8748 47.5593 7.6423
45.1463 47.4225 7.67988
45.4151 47.2868 7.71776
45.681 47.1523 7.75595
45.9439 47.0189 7.79443
46.2037 46.8867 7.8332
46.46 46.7559 7.87224
46.7127 46.6264 7.91156
46.9617 46.4982 7.95115
47.207 46.3714 7.99099
47.4481 46.246 8.03108
47.6848 46.122 8.07142
47.9173 45.9995 8.112
48.1454 45.8785 8.1528
48.3683 45.7591 8.19383
48.5866 45.6411 8.23506
48.7999 45.5247 8.2765
49.0077 45.4099 8.31814
49.2102 45.2967 8.35996
49.4074 45.185 8.40196
49.5985 45.0751 8.44412
49.784 44.9667 8.48645
49.9637 44.8599 8.52893
50.1369 44.7548 0
50.3042 44.6513 0.0226911
50.4649 44.5495 0.0454008
50.6192 44.4493 0.0681478
50.7671 44.3508 0.0909503
50.9078 44.254 0.113827
51.0423 44.1587 0.136795
51.1693 44.0652 0.159873
51.2897 43.9732 0.183077
51.4027 43.883 0.206425
51.5088 43.7943 0.229933
51.6074 43.7073 0.253616
51.6989 43.6218 0.277491
51.7828 43.5381 0.301571
51.8595 43.4559 0.325871
51.9285 43.3753 0.350403
51.9903 43.2963 0.375182
52.0441 43.2189 0.400218
52.091 43.143 0.425524
52.1294 43.0688 0.45111
52.1609 42.996 0.476986
52.1843 42.9248 0.503161
52.2002 42.8551 0.529644
52.2087 42.7868 0.556443
52.2091 42.7202 0.583566
52.2024 42.6549 0.611018
52.1876 42.5912 0.638807
52.1654 42.5288 0.666938
52.1361 42.4679 0.695414
52.0984 42.4085 0.724242
52.0537 42.3505 0.753424
52.0018 42.2937 0.782964
51.9418 42.2385 0.812863
51.8749 42.1846 0.843125
51.8011 42.132 0.87375
51.7191 42.0808 0.904741
51.6304 42.0309 0.936096
51.5349 41.9823 0.967817
51.432 41.935 0.999904
51.322 41.889 1.03235
51.2054 41.8442 1.06517
51.0823 41.8006 1.09834
50.9517 41.7584 1.13188
50.8147 41.7173 1.16577
50.6715 41.6775 1.20002
50.522 41.6387 1.23462
50.3655 41.6012 1.26957
50.2029 41.5649 1.30486
50.0343 41.5297 1.3405
49.8598 41.4956 1.37647
49.6794 41.4626 1.41277
49.4927 41.4308 1.4494
49.3003 41.4001 1.48636
49.1025 41.3704 1.52363
48.8992 41.3418 1.56121
48.6907 41.3142 1.59909
48.4766 41.2876 1.63728
48.2572 41.2622 1.67576
48.0328 41.2377 1.71452
47.8035 41.2142 1.75357
47.5695 41.1917 1.79289
47.3308 41.1702 1.83247
47.0876 41.1496 1.87232
46.8399 41.1299 1.91241
46.5875 41.1113 1.95275
46.331 41.0935 1.99333
46.0705 41.0767 2.03413
45.806 41.0608 2.07516
45.5377 41.0457 2.11639
45.2657 41.0316 2.15783
44.9901 41.0183 2.19946
44.711 41.0058 2.24129
44.4285 40.9942 2.28329
44.1429 40.9834 2.32545
43.8541 40.9735 2.36778
43.5622 40.9644 2.41026
43.2674 40.9561 2.45289
42.9699 40.9486 2.49564
42.6698 40.9419 2.53852
42.3672 40.936 2.58152
42.0622 40.9308 2.62462
41.7549 40.9264 2.66782
41.4456 40.9227 2.7111
41.1342 40.9198 2.75446
40.8209 40.9176 2.79789
40.5058 40.9161 2.84137
40.1891 40.9154 2.88491
39.8708 40.9153 2.92848
39.5511 40.9159 2.97208
39.2301 40.9172 3.0157
38.9079 40.9192 3.05934
38.5846 40.9219 3.10297
38.2603 40.9252 3.14659
37.9351 40.9292 3.19019
37.6093 40.9338 3.23376
37.2827 40.939 3.2773
36.9557 40.9449 3.32078
36.6282 40.9514 3.36421
36.3004 40.9585 3.40757
35.9724 40.9662 3.45086
35.6443 40.9746 3.49405
35.3162 40.9835 3.53715
34.9882 40.993 3.58015
34.6605 41.003 3.62303
34.333 41.0137 3.66578
34.006 41.0249 3.70841
33.6794 41.0367 3.75089
33.3535 41.0491 3.79322
33.0283 41.0619 3.83538
32.7039 41.0754 3.87738
32.3803 41.0893 3.91921
32.0578 41.1037 3.96084
31.7363 41.1187 4.00228
31.4159 41.1342 4.04351
31.0968 41.1502 4.08454
30.7791 41.1667 4.12534
30.4628 41.1837 4.16592
30.1482 41.2012 4.20626
29.8351 41.2192 4.24635
29.5237 41.2377 4.2862
29.214 41.2566 4.32578
28.9062 41.276 4.3651
28.6002 41.2958 4.40415
28.2962 41.3161 4.44291
27.9943 41.3368 4.48139
27.6947 41.3581 4.51958
27.3974 41.3797 4.55746
27.1024 41.4018 4.59504
26.8097 41.4244 0
26.5195 41.4473 4.66927
26.2316 41.4707 2.54086e-314
25.9464 41.4944 4.7422
25.6636 41.5186 4.77817
25.3841 41.5432 4.81381
25.1073 41.5682 4.8491
24.8332 41.5936 4.88405
24.562 41.6194 4.91865
24.2937 41.6456 4.9529
24.0283 41.6721 4.98679
23.7661 41.6991 5.02033
23.5074 41.7264 5.0535
23.2518 41.7541 5.08632
22.9994 41.7822 5.11877
22.7501 41.8106 5.15085
22.5041 41.8394 5.18257
22.2615 41.8685 5.21393
22.0229 41.898 5.24492
21.7877 41.9279 5.27555
21.5559 41.9581 5.30581
21.3276 41.9886 5.33571
21.1027 42.0194 5.36525
20.8819 42.0506 5.39443
20.6651 42.0821 5.42326
20.452 42.114 5.45173
20.2424 42.1461 5.47986
20.0365 42.1786 5.50765
19.8345 42.2114 5.5351
19.6372 42.2445 5.56223
19.4436 42.2779 5.58903
19.2538 42.3116 5.61551
19.0678 42.3456 5.64168
18.8858 42.3799 5.66756
18.7087 42.4146 5.69315
18.5356 42.4495 5.71845
18.3663 42.4846 5.74349
18.201 42.5201 5.76827
18.0399 42.5558 5.7928
17.8839 42.5919 5.8171
17.7318 42.6282 5.84118
17.5838 42.6648 5.86505
17.4397 42.7016 5.88874
17.3005 42.7387 5.91225
17.166 42.7761 5.93559
17.0356 42.8137 5.9588
16.9092 42.8516 5.98188
16.787 42.8897 6.00484
16.6704 42.9281 6.02772
16.5579 42.9668 6.05052
16.4494 43.0056 6.07327
16.3451 43.0447 6.09598
16.246 43.0841 6.11867
16.1516 43.1237 6.14136
16.0613 43.1636 6.16407
15.9752 43.2036 6.18682
15.8938 43.2439 6.20962
15.8177 43.2845 6.2325
15.7457 43.3252 6.25547
15.6778 43.3662 6.27854
15.6144 43.4073 6.30175
15.5567 43.4488 6.3251
15.5031 43.4904 6.3486
15.4535 43.5322 6.37229
15.4083 43.5742 6.39616
15.369 43.6165 6.42024
15.3337 43.659 6.44454
15.3025 43.7016 6.46907
15.2756 43.7445 6.49385
15.2545 43.7875 6.51889
15.2376 43.8308 6.54419
15.2246 43.8742 6.56978
15.2161 43.9178 6.59566
15.2133 43.9617 6.62183
15.2145 44.0057 6.64831
15.2197 44.0499 6.67511
15.2296 44.0942 6.70224
15.2449 44.1388 6.72969
15.2642 44.1835 6.75748
15.2873 44.2284 6.78561
15.3156 44.2735 6.81408
15.3488 44.3188 6.84291
15.3858 44.3642 6.87209
15.4267 44.4097 6.90163
15.4733 44.4555 6.93153
15.5241 44.5014 6.9618
15.5787 44.5475 6.99242
15.6374 44.5937 7.02341
15.7018 44.6401 7.05477
15.7699 44.6867 7.08649
15.8417 44.7334 7.11857
15.9184 44.7802 7.15102
15.9999 44.8272 7.18384
16.085 44.8744 7.21701
16.1737 44.9216 7.25055
16.2681 44.9691 7.28444
16.3663 45.0167 7.31869
16.4681 45.0644 7.35329
16.5741 45.1122 7.38824
16.6851 45.1602 7.42353
16.7996 45.2084 7.45917
16.9176 45.2566 7.49514
17.0408 45.305 7.53144
17.1678 45.3535 7.56807
17.2982 45.4022 7.60503
17.4327 45.4509 7.6423
17.5719 45.4999 7.67988
17.7145 45.5489 7.71776
17.8603 45.598 7.75595
18.0112 45.6473 7.79443
18.1656 45.6967 7.8332
18.3231 45.7461 7.87224
18.4848 45.7957 7.91156
18.6508 45.8455 7.95115
18.8198 45.8953 7.99099
18.9919 45.9452 8.03108
19.1691 45.9953 8.07142
19.3493 46.0454 8.112
19.5324 46.0957 8.1528
19.7198 46.146 8.19383
19.9107 46.1965 8.23506
20.1045 46.2471 8.2765
20.3018 46.2977 8.31814
20.5032 46.3485 8.35996
20.7073 46.3993 8.40196
20.9141 46.4502 8.44412
21.1256 46.5013 8.48645
21.3397 46.5524 8.52893
21.5564 46.6036 8.57156
21.777 46.6549 8.61431
22.0007 46.7063 8.65719
22.2269 46.7578 8.70019
22.4563 46.8093 8.74329
22.6892 46.8609 8.78649
22.9245 46.9127 8.82977
23.1624 46.9644 8.87313
23.4041 47.0163 8.91656
23.6481 47.0682 8.96004
23.8943 47.1202 9.00358
24.1442 47.1723 9.04715
24.3965 47.2245 9.09075
24.6509 47.2767 9.13437
24.9084 47.329 9.17801
25.1685 47.3814 9.22164
25.4306 47.4338 9.26526
25.6954 47.4863 9.30886
25.9629 47.5388 9.35243
26.2324 47.5914 9.39597
26.504 47.6441 9.43945
26.7786 47.6968 9.48288
27.0549 47.7496 9.52624
27.333 47.8025 9.56953
27.6141 47.8554 9.61272
27.8969 47.9083 9.65582
28.1812 47.9613 9.69882
28.4682 48.0144 9.7417
28.757 48.0675 9.78445
29.0472 48.1206 9.82708
29.3397 48.1738 9.86956
29.634 48.227 9.91189
29.9296 48.2803 9.95406
30.2271 48.3336 9.99605
30.5264 48.387 10.0379
30.827 48.4404 10.0795
31.1291 48.4938 10.1209
31.4331 48.5473 10.1622
31.7381 48.6008 10.2032
32.0444 48.6543 10.244
32.3525 48.7079 10.2846
32.6616 48.7615 10.3249
32.9716 48.8151 10.365
33.2833 48.8688 10.4049
33.5959 48.9225 10.4445
33.9094 48.9762 10.4838
34.2242 49.03 10.5228
34.5398 49.0837 10.5616
34.8562 49.1375 10.6001
35.1736 49.1913 10.6382
35.4918 49.2451 10.6761
35.8106 49.299 10.7137
36.1302 49.3528 10.751
36.4505 49.4067 10.7879
36.7713 49.4606 10.8246
37.0926 49.5145 10.8609
37.4145 49.5684 10.8968
37.7367 49.6223 10.9325
38.0593 49.6763 10.9678
38.3823 49.7302 11.0027
38.7055 49.7842 11.0373
39.0289 49.8381 11.0716
39.3526 49.8921 11.1055
39.6763 49.946 11.139
50 6.02647e-312 11.1722
50.054 5.77183e-312 11.205
50.1079 5.79305e-312 11.2374
50.1619 6.04769e-312 11.2695
50.2158 5.79305e-312 11.3012
50.2698 5.81427e-312 11.3326
50.3237 6.06891e-312 11.3636
50.3777 5.81427e-312 11.3942
50.4316 5.83549e-312 11.4245
50.4855 6.09013e-312 11.4544
50.5394 5.83549e-312 11.4839
50.5933 5.60207e-312 11.5131
50.6472 6.11135e-312 11.5419
50.701 5.85671e-312 11.5704
50.7549 5.87793e-312 11.5985
50.8087 6.13257e-312 11.6263
50.8625 4.58224e-72 11.6538
50.9163 5.03284e-38 11.6809
50.97 1.38532e-259 11.7077
51.0238 2.99855 11.7342
51.0775 -0.0130571 11.7604
51.1312 0.031362 11.7862
51.1849 2.99625 11.8118
51.2385 -0.0260432 11.8371
51.2921 0.0626536 11.8622
51.3457 2.99149 11.8869
51.3992 -0.0388548 11.9115
51.4527 0.0937725 11.9358
51.5062 2.98511 11.9598
51.5596 -0.0514583 11.9837
51.613 0.124686 12.0074
51.6664 2.97681 12.0309
51.7197 -0.0637304 12.0543
51.773 0.155273 12.0775
51.8262 2.96695 12.1005
51.8794 -0.0756675 12.1235
51.9325 0.185531 12.1464
51.9856 2.95537 12.1692
52.0387 -0.0871529 12.1919
52.0917 0.215347 12.2146
52.1446 2.94231 12.2373
52.1975 -0.0981849 12.26
52.2504 0.244723 12.2827
52.3032 2.92779 12.3055
52.3559 -0.108698 12.3283
52.4086 0.273597 12.3512
52.4612 2.91185 12.3741
52.5137 -0.118641 12.3972
52.5662 0.301923 12.4204
52.6186 2.89473 12.4438
52.671 -0.128046 12.4673
52.7233 0.329736 12.491
52.7755 2.87629 12.5148
52.8277 -0.136786 12.5389
52.8798 0.356918 12.5632
52.9318 2.85678 12.5877
52.9837 -0.144926 12.6125
53.0356 0.383535 12.6376
53.0873 2.8363 12.6629
53.1391 -0.152466 12.6885
53.1907 0.409593 12.7143
53.2422 2.81477 12.7405
53.2937 -0.159296 12.767
53.3451 0.434992 12.7938
53.3964 2.79239 12.8209
53.4476 -0.165491 12.8484
53.4987 0.459808 12.8761
53.5498 2.76923 12.9043
53.6007 -0.171061 12.9328
53.6515 0.484054 12.9616
53.7023 2.74533 12.9908
53.7529 -0.17599 13.0203
53.8035 0.507719 13.0502
53.854 2.72069 13.0805
53.9043 -0.180205 13.1111
53.9546 0.530744 13.1421
54.0047 2.69544 13.1734
54.0548 -0.183795 13.2052
54.1047 0.553214 13.2372
54.1545 2.66963 13.2697
54.2043 -0.186762 13.3025
54.2539 0.575133 13.3357
54.3033 2.64331 13.3692
54.3527 -0.18911 13.4031
54.402 0.59651 13.4374
54.4511 2.61651 13.472
54.5001 -0.190843 13.5069
54.5491 0.617353 13.5422
54.5978 2.58925 13.5778
54.6465 -0.19192 13.6138
54.695 0.637631 13.6501
54.7434 2.56159 13.6867
54.7916 -0.192381 13.7237
54.8398 0.657382 13.761
54.8878 2.53358 13.7985
54.9356 -0.192253 13.8364
54.9833 0.676633 13.8746
55.0309 2.50524 13.9131
55.0784 -0.191542 13.9519
55.1256 0.695393 13.9909
55.1728 2.47661 14.0302
55.2198 -0.190258 14.0698
55.2666 0.713673 14.1097
55.3133 2.44772 14.1498
55.3599 -0.188407 14.1901
55.4063 0.731483 14.2307
55.4525 2.41859 14.2715
55.4986 -0.185998 14.3125
55.5445 0.748832 14.3537
55.5903 2.38925 14.3952
55.6358 -0.183041 14.4368
55.6812 0.765732 14.4786
55.7265 2.35971 14.5206
55.7716 -0.179545 14.5628
55.8165 0.782192 14.6051
55.8612 2.33001 14.6476
55.9058 -0.175518 14.6902
55.9501 0.798221 14.733
55.9943 2.30016 14.7759
56.0383 -0.170969 14.8189
56.0822 0.813831 14.862
56.1258 2.27018 14.9052
56.1692 -0.165908 14.9484
56.2125 0.82903 14.9918
56.2555 2.24009 15.0352
56.2984 -0.160344 15.0787
56.341 0.843828 15.1222
56.3835 2.20991 15.1658
56.4258 -0.154285 15.2094
56.4678 0.858233 15.253
56.5096 2.17964 15.2967
56.5512 -0.147741 15.3403
56.5927 0.872255 15.3839
56.6338 2.14931 15.4275
56.6748 -0.14072 15.4711
56.7155 0.885903 15.5146
56.7561 2.11893 15.5581
56.7964 -0.133232 15.6016
56.8364 0.899184 15.6449
56.8763 2.08851 15.6882
56.9159 -0.125284 15.7314
56.9553 0.912106 15.7745
56.9944 2.05807 15.8175
57.0332 -0.116885 15.8604
57.0719 0.924678 15.9031
57.1103 2.02761 15.9457
57.1484 -0.108044 15.9882
57.1863 0.936907 16.0306
57.2239 1.99715 16.0727
57.2613 -0.0987685 16.1147
57.2984 0.948801 16.1565
57.3352 1.96669 16.1982
57.3718 -0.0890665 16.2396
57.4081 0.960365 16.2809
57.4442 1.93625 16.3219
57.4799 -0.0789459 16.3627
57.5154 0.971608 16.4033
57.5505 1.90584 16.4436
57.5854 -0.0683949 16.4837
57.6201 0.98252 16.5235
57.6544 1.87546 16.5631
57.6884 -0.0574038 16.6024
57.7221 0.993095 16.6415
57.7555 1.84512 16.6803
57.7886 -0.0460136 16.7187
57.8214 1.00336 16.7569
57.8539 1.81484 16.7948
57.886 -0.0342315 16.8324
57.9179 1.01333 16.8697
57.9494 1.78461 16.9066
57.9806 -0.0220647 16.9432
58.0114 1.02301 16.9795
58.0419 1.75444 17.0155
58.0721 -0.00951987 17.0511
58.102 1.0324 17.0864
58.1315 1.72435 17.1214
58.1606 0.00339614 17.156
58.1894 1.0415 17.1902
58.2178 1.69433 17.2241
58.2459 0.0166769 17.2577
58.2736 1.05033 17.2908
58.3009 1.6644 17.3237
58.3279 0.0303504 17.3561
58.3544 1.05885 17.3882
58.3806 1.63457 17.4199
58.4064 0.0444176 17.4513
58.4318 1.06708 17.4823
58.4568 1.60483 17.5129
58.4814 0.0588326 17.5431
58.5056 1.07504 17.573
58.5293 1.57519 17.6026
58.5527 0.0735895 17.6318
58.5756 1.08273 0
58.5982 1.54566 0.0226911
58.6203 0.0886825 0.0454008
58.6419 1.09017 0.0681478
58.6632 1.51623 0.0909503
58.6839 0.104106 0.113827
58.7042 1.09736 0.136795
58.724 1.48692 0.159873
58.7434 0.119874 0.183077
58.7623 1.10428 0.206425
58.7808 1.45775 0.229933
58.7988 0.136028 0.253616
58.8163 1.1109 0.277491
58.8333 1.42871 0.301571
58.8498 0.152497 0.325871
58.8658 1.11728 0.350403
58.8813 0 0.375182
58.8963 1.99333 0.400218
58.9107 0 0.425524
58.9246 2.07516 0.45111
58.9381 2.11639 0.476986
58.9509 2.15783 0.503161
58.9633 2.19946 0.529644
58.9751 2.24129 0.556443
58.9863 2.28329 0.583566
58.997 2.32545 0.611018
59.007 2.36778 0.638807
59.0165 2.41026 0.666938
59.0254 2.45289 0.695414
59.0338 2.49564 0.724242
59.0415 2.53852 0.753424
59.0486 2.58152 0.782964
59.0551 2.62462 0.812863
59.061 2.66782 0.843125
59.0662 2.7111 0.87375
59.0708 2.75446 0.904741
59.0748 2.79789 0.936096
59.0781 2.84137 0.967817
59.0808 2.88491 0.999904
59.0828 2.92848 1.03235
59.0841 2.97208 1.06517
59.0847 3.0157 1.09834
59.0846 3.05934 1.13188
59.0839 3.10297 1.16577
59.0824 3.14659 1.20002
59.0802 3.19019 1.23462
59.0773 3.23376 1.26957
59.0736 3.2773 1.30486
59.0692 3.32078 1.3405
59.064 3.36421 1.37647
59.0581 3.40757 1.41277
59.0514 3.45086 1.4494
59.0439 3.49405 1.48636
59.0356 3.53715 1.52363
59.0265 3.58015 1.56121
59.0166 3.62303 1.59909
59.0058 3.66578 1.63728
58.9942 3.70841 1.67576
58.9817 3.75089 1.71452
58.9684 3.79322 1.75357
58.9543 3.83538 1.79289
58.9392 3.87738 1.83247
58.9233 3.91921 1.87232
58.9065 3.96084 1.91241
58.8887 4.00228 1.95275
58.8701 4.04351 1.99333
58.8504 4.08454 2.03413
58.8298 4.12534 2.07516
58.8083 4.16592 2.11639
58.7858 4.20626 2.15783
58.7623 4.24635 2.19946
58.7378 4.2862 2.24129
58.7124 4.32578 2.28329
58.6858 4.3651 2.32545
58.6582 4.40415 2.36778
58.6296 4.44291 2.41026
58.5999 4.48139 2.45289
58.5692 4.51958 2.49564
58.5374 4.55746 2.53852
58.5044 4.59504 2.58152
58.4703 4.63231 2.62462
58.4351 4.66927 2.66782
58.3988 4.7059 2.7111
58.3613 4.7422 2.75446
58.3225 4.77817 2.79789
58.2827 4.81381 2.84137
58.2416 4.8491 2.88491
58.1994 4.88405 2.92848
58.1558 4.91865 2.97208
58.111 4.9529 3.0157
58.065 4.98679 3.05934
58.0177 5.02033 3.10297
57.9691 5.0535 3.14659
57.9192 5.08632 3.19019
57.868 5.11877 3.23376
57.8154 5.15085 3.2773
57.7615 5.18257 3.32078
57.7063 5.21393 3.36421
57.6495 5.24492 3.40757
57.5915 5.27555 3.45086
57.5321 5.30581 3.49405
57.4712 5.33571 3.53715
57.4088 5.36525 3.58015
57.3451 5.39443 3.62303
57.2798 5.42326 3.66578
57.2132 5.45173 3.70841
57.1449 5.47986 3.75089
57.0752 5.50765 3.79322
57.004 5.5351 3.83538
56.9312 5.56223 3.87738
56.857 5.58903 3.91921
56.7811 5.61551 3.96084
56.7037 5.64168 4.00228
56.6247 5.66756 4.04351
56.5441 5.69315 4.08454
56.4619 5.71845 4.12534
56.3782 5.74349 4.16592
56.2927 5.76827 4.20626
56.2057 5.7928 4.24635
56.117 5.8171 4.2862
56.0268 5.84118 4.32578
55.9348 5.86505 4.3651
55.8413 5.88874 4.40415
55.746 5.91225 4.44291
55.6492 5.93559 4.48139
55.5507 5.9588 4.51958
55.4505 5.98188 4.55746
55.3487 6.00484 4.59504
55.2452 6.02772 4.63231
55.1401 6.05052 4.66927
55.0333 6.07327 4.7059
54.9249 6.09598 4.7422
54.815 6.11867 4.77817
54.7033 6.14136 4.81381
54.5901 6.16407 4.8491
54.4753 6.18682 4.88405
54.3589 6.20962 4.91865
54.2409 6.2325 4.9529
54.1215 6.25547 4.98679
54.0005 6.27854 5.02033
53.878 6.30175 5.0535
53.754 6.3251 5.08632
53.6286 6.3486 5.11877
53.5018 6.37229 5.15085
53.3736 6.39616 5.18257
53.2441 6.42024 5.21393
53.1133 6.44454 5.24492
52.9811 6.46907 5.27555
52.8477 6.49385 5.30581
52.7132 6.51889 5.33571
52.5775 6.54419 5.36525
52.4407 6.56978 5.39443
52.3028 6.59566 5.42326
52.164 6.62183 5.45173
52.0242 6.64831 5.47986
51.8835 6.67511 5.50765
51.7419 6.70224 5.5351
51.5996 6.72969 5.56223
51.4565 6.75748 5.58903
51.3128 6.78561 5.61551
51.1685 6.81408 5.64168
51.0236 6.84291 5.66756
50.8783 6.87209 5.69315
50.7325 6.90163 5.71845
50.5864 6.93153 5.74349
50.4401 6.9618 5.76827
50.2935 6.99242 5.7928
50.1468 7.02341 5.8171
50 7.05477 5.84118
49.8532 7.08649 5.86505
49.7065 7.11857 5.88874
49.5599 7.15102 5.91225
49.4136 7.18384 5.93559
49.2675 7.21701 5.9588
49.1217 7.25055 5.98188
48.9764 7.28444 6.00484
48.8315 7.31869 6.02772
48.6872 7.35329 6.05052
48.5435 7.38824 6.07327
48.4004 7.42353 6.09598
48.2581 7.45917 6.11867
48.1165 7.49514 6.14136
47.9758 7.53144 6.16407
47.836 7.56807 6.18682
47.6972 7.60503 6.20962
47.5593 7.6423 6.2325
47.4225 7.67988 6.25547
47.2868 7.71776 6.27854
47.1523 7.75595 6.30175
47.0189 7.79443 6.3251
46.8867 7.8332 6.3486
46.7559 7.87224 6.37229
46.6264 7.91156 6.39616
46.4982 7.95115 6.42024
46.3714 7.99099 6.44454
46.246 8.03108 6.46907
46.122 8.07142 6.49385
45.9995 8.112 6.51889
45.8785 8.1528 6.54419
45.7591 8.19383 6.56978
45.6411 8.23506 6.59566
45.5247 8.2765 6.62183
45.4099 8.31814 6.64831
45.2967 8.35996 6.67511
45.185 8.40196 6.70224
45.0751 8.44412 6.72969
44.9667 8.48645 6.75748
44.8599 8.52893 6.78561
44.7548 0 6.81408
44.6513 0.0226911 6.84291
44.5495 0.0454008 6.87209
44.4493 0.0681478 6.90163
44.3508 0.0909503 6.93153
44.254 0.113827 6.9618
44.1587 0.136795 6.99242
44.0652 0.159873 7.02341
43.9732 0.183077 7.05477
43.883 0.206425 7.08649
43.7943 0.229933 7.11857
43.7073 0.253616 7.15102
43.6218 0.277491 7.18384
43.5381 0.301571 7.21701
43.4559 0.325871 7.25055
43.3753 0.350403 7.28444
43.2963 0.375182 7.31869
43.2189 0.400218 7.35329
43.143 0.425524 7.38824
43.0688 0.45111 7.42353
42.996 0.476986 7.45917
42.9248 0.503161 7.49514
42.8551 0.529644 7.53144
42.7868 0.556443 7.56807
42.7202 0.583566 7.60503
42.6549 0.611018 7.6423
42.5912 0.638807 7.67988
42.5288 0.666938 7.71776
42.4679 0.695414 7.75595
42.4085 0.724242 7.79443
42.3505 0.753424 7.8332
42.2937 0.782964 7.87224
42.2385 0.812863 7.91156
42.1846 0.843125 7.95115
42.132 0.87375 7.99099
42.0808 0.904741 8.03108
42.0309 0.936096 8.07142
41.9823 0.967817 8.112
41.935 0.999904 8.1528
41.889 1.03235 8.19383
41.8442 1.06517 8.23506
41.8006 1.09834 8.2765
41.7584 1.13188 8.31814
41.7173 1.16577 8.35996
41.6775 1.20002 8.40196
41.6387 1.23462 8.44412
41.6012 1.26957 8.48645
41.5649 1.30486 8.52893
41.5297 1.3405 8.57156
41.4956 1.37647 8.61431
41.4626 1.41277 8.65719
41.4308 1.4494 8.70019
41.4001 1.48636 8.74329
41.3704 1.52363 8.78649
41.3418 1.56121 8.82977
41.3142 1.59909 8.87313
41.2876 1.63728 8.91656
41.2622 1.67576 8.96004
41.2377 1.71452 9.00358
41.2142 1.75357 9.04715
41.1917 1.79289 9.09075
41.1702 1.83247 9.13437
41.1496 1.87232 9.17801
41.1299 1.91241 9.22164
41.1113 1.95275 9.26526
41.0935 1.99333 9.30886
41.0767 2.03413 9.35243
41.0608 2.07516 9.39597
41.0457 2.11639 9.43945
41.0316 2.15783 9.48288
41.0183 2.19946 9.52624
41.0058 2.24129 9.56953
40.9942 2.28329 9.61272
40.9834 2.32545 9.65582
40.9735 2.36778 9.69882
40.9644 2.41026 9.7417
40.9561 2.45289 9.78445
40.9486 2.49564 9.82708
40.9419 2.53852 9.86956
40.936 2.58152 9.91189
40.9308 2.62462 9.95406
40.9264 2.66782 9.99605
40.9227 2.7111 10.0379
40.9198 2.75446 10.0795
40.9176 2.79789 10.1209
40.9161 2.84137 10.1622
40.9154 2.88491 10.2032
40.9153 2.92848 10.244
40.9159 2.97208 10.2846
40.9172 3.0157 10.3249
40.9192 3.05934 10.365
40.9219 3.10297 10.4049
40.9252 3.14659 10.4445
40.9292 3.19019 10.4838
40.9338 3.23376 10.5228
40.939 3.2773 10.5616
40.9449 3.32078 10.6001
40.9514 3.36421 10.6382
40.9585 3.40757 10.6761
40.9662 3.45086 10.7137
40.9746 3.49405 10.751
40.9835 3.53715 10.7879
40.993 3.58015 10.8246
41.003 3.62303 10.8609
41.0137 3.66578 10.8968
41.0249 3.70841 10.9325
41.0367 3.75089 10.9678
41.0491 3.79322 11.0027
41.0619 3.83538 11.0373
41.0754 3.87738 11.0716
41.0893 3.91921 11.1055
41.1037 3.96084 11.139
41.1187 4.00228 11.1722
41.1342 4.04351 11.205
41.1502 4.08454 11.2374
41.1667 4.12534 11.2695
41.1837 4.16592 11.3012
41.2012 4.20626 11.3326
41.2192 4.24635 11.3636
41.2377 4.2862 11.3942
41.2566 4.32578 11.4245
41.276 4.3651 11.4544
41.2958 4.40415 11.4839
41.3161 4.44291 11.5131
41.3368 4.48139 11.5419
41.3581 4.51958 11.5704
41.3797 4.55746 11.5985
41.4018 4.59504 11.6263
41.4244 0 11.6538
41.4473 4.66927 11.6809
41.4707 2.54086e-314 11.7077
41.4944 4.7422 11.7342
41.5186 4.77817 11.7604
41.5432 4.81381 11.7862
41.5682 4.8491 11.8118
41.5936 4.88405 11.8371
41.6194 4.91865 11.8622
41.6456 4.9529 11.8869
41.6721 4.98679 11.9115
41.6991 5.02033 11.9358
41.7264 5.0535 11.9598
41.7541 5.08632 11.9837
41.7822 5.11877 12.0074
41.8106 5.15085 12.0309
41.8394 5.18257 12.0543
41.8685 5.21393 12.0775
41.898 5.24492 12.1005
41.9279 5.27555 12.1235
41.9581 5.30581 12.1464
41.9886 5.33571 12.1692
42.0194 5.36525 12.1919
42.0506 5.39443 12.2146
42.0821 5.42326 12.2373
42.114 5.45173 12.26
42.1461 5.47986 12.2827
42.1786 5.50765 12.3055
42.2114 5.5351 12.3283
42.2445 5.56223 12.3512
42.2779 5.58903 12.3741
42.3116 5.61551 12.3972
42.3456 5.64168 12.4204
42.3799 5.66756 12.4438
42.4146 5.69315 12.4673
42.4495 5.71845 12.491
42.4846 5.74349 12.5148
42.5201 5.76827 12.5389
42.5558 5.7928 12.5632
42.5919 5.8171 12.5877
42.6282 5.84118 12.6125
42.6648 5.86505 12.6376
42.7016 5.88874 12.6629
42.7387 5.91225 12.6885
42.7761 5.93559 12.7143
42.8137 5.9588 12.7405
42.8516 5.98188 12.767
42.8897 6.00484 12.7938
42.9281 6.02772 12.8209
42.9668 6.05052 12.8484
43.0056 6.07327 12.8761
43.0447 6.09598 12.9043
43.0841 6.11867 12.9328
43.1237 6.14136 12.9616
43.1636 6.16407 12.9908
43.2036 6.18682 13.0203
43.2439 6.20962 13.0502
43.2845 6.2325 13.0805
43.3252 6.25547 13.1111
43.3662 6.27854 13.1421
43.4073 6.30175 13.1734
43.4488 6.3251 13.2052
43.4904 6.3486 13.2372
43.5322 6.37229 13.2697
43.5742 6.39616 13.3025
43.6165 6.42024 13.3357
43.659 6.44454 13.3692
43.7016 6.46907 13.4031
43.7445 6.49385 13.4374
43.7875 6.51889 13.472
43.8308 6.54419 13.5069
43.8742 6.56978 13.5422
43.9178 6.59566 13.5778
43.9617 6.62183 13.6138
44.0057 6.64831 13.6501
44.0499 6.67511 13.6867
44.0942 6.70224 13.7237
44.1388 6.72969 13.761
44.1835 6.75748 13.7985
44.2284 6.78561 13.8364
44.2735 6.81408 13.8746
44.3188 6.84291 13.9131
44.3642 6.87209 13.9519
44.4097 6.90163 13.9909
44.4555 6.93153 14.0302
44.5014 6.9618 14.0698
44.5475 6.99242 14.1097
44.5937 7.02341 14.1498
44.6401 7.05477 14.1901
44.6867 7.08649 14.2307
44.7334 7.11857 14.2715
44.7802 7.15102 14.3125
44.8272 7.18384 14.3537
44.8744 7.21701 14.3952
44.9216 7.25055 14.4368
44.9691 7.28444 14.4786
45.0167 7.31869 14.5206
45.0644 7.35329 14.5628
45.1122 7.38824 14.6051
45.1602 7.42353 14.6476
45.2084 7.45917 14.6902
45.2566 7.49514 14.733
45.305 7.53144 14.7759
45.3535 7.56807 14.8189
45.4022 7.60503 14.862
45.4509 7.6423 14.9052
45.4999 7.67988 14.9484
45.5489 7.71776 14.9918
45.598 7.75595 15.0352
45.6473 7.79443 15.0787
45.6967 7.8332 15.1222
45.7461 7.87224 15.1658
45.7957 7.91156 15.2094
45.8455 7.95115 15.253
45.8953 7.99099 15.2967
45.9452 8.03108 15.3403
45.9953 8.07142 15.3839
46.0454 8.112 15.4275
46.0957 8.1528 15.4711
46.146 8.19383 15.5146
46.1965 8.23506 15.5581
46.2471 8.2765 15.6016
46.2977 8.31814 15.6449
46.3485 8.35996 15.6882
46.3993 8.40196 15.7314
46.4502 8.44412 15.7745
46.5013 8.48645 15.8175
46.5524 8.52893 15.8604
46.6036 8.57156 15.9031
46.6549 8.61431 15.9457
46.7063 8.65719 15.9882
46.7578 8.70019 16.0306
46.8093 8.74329 16.0727
46.8609 8.78649 16.1147
46.9127 8.82977 16.1565
46.9644 8.87313 16.1982
47.0163 8.91656 16.2396
47.0682 8.96004 16.2809
47.1202 9.00358 16.3219
47.1723 9.04715 16.3627
47.2245 9.09075 16.4033
47.2767 9.13437 16.4436
47.329 9.17801 16.4837
47.3814 9.22164 16.5235
47.4338 9.26526 16.5631
47.4863 9.30886 16.6024
47.5388 9.35243 16.6415
47.5914 9.39597 16.6803
47.6441 9.43945 16.7187
47.6968 9.48288 16.7569
47.7496 9.52624 16.7948
47.8025 9.56953 16.8324
47.8554 9.61272 16.8697
47.9083 9.65582 16.9066
47.9613 9.69882 16.9432
48.0144 9.7417 16.9795
48.0675 9.78445 17.0155
48.1206 9.82708 17.0511
48.1738 9.86956 17.0864
48.227 9.91189 17.1214
48.2803 9.95406 17.156
48.3336 9.99605 17.1902
48.387 10.0379 17.2241
48.4404 10.0795 17.2577
48.4938 10.1209 17.2908
48.5473 10.1622 17.3237
48.6008 10.2032 17.3561
48.6543 10.244 17.3882
48.7079 10.2846 17.4199
48.7615 10.3249 17.4513
48.8151 10.365 17.4823
48.8688 10.4049 17.5129
48.9225 10.4445 17.5431
48.9762 10.4838 17.573
49.03 10.5228 17.6026
49.0837 10.5616 17.6318
49.1375 10.6001 17.6606
49.1913 10.6382 17.6891
49.2451 10.6761 17.7172
49.299 10.7137 17.745
49.3528 10.751 17.7724
49.4067 10.7879 17.7996
49.4606 10.8246 17.8264
49.5145 10.8609 17.8529
49.5684 10.8968 17.879
49.6223 10.9325 17.9049
49.6763 10.9678 17.9305
49.7302 11.0027 17.9558
49.7842 11.0373 17.9808
49.8381 11.0716 18.0056
49.8921 11.1055 18.0301
49.946 11.139 18.0544
