720
-127.374 40 50
-127.377 39.7607 50.2871
-127.387 39.5215 50.5741
-127.403 39.2823 50.8609
-127.425 39.0431 51.1472
-127.454 38.8041 51.4331
-127.49 38.5652 51.7184
-127.532 38.3265 52.0029
-127.58 38.088 52.2865
-127.635 37.8497 52.5692
-127.697 37.6116 52.8506
-127.766 37.3739 53.1308
-127.841 37.1364 53.4095
-127.923 36.8994 53.6866
-128.011 36.6628 53.962
-128.107 36.4267 54.2354
-128.21 36.1911 54.5068
-128.32 35.956 54.7759
-128.436 35.7217 55.0425
-128.561 35.4881 55.3065
-128.692 35.2552 55.5676
-128.831 35.0233 55.8257
-128.978 34.7923 56.0805
-129.132 34.5625 56.3315
-129.294 34.3339 56.5787
-129.464 34.1065 56.8218
-129.642 33.8807 57.0607
-129.828 33.6563 57.2949
-130.021 33.4337 57.5243
-130.223 33.213 57.7486
-130.433 32.9942 57.9674
-130.651 32.7779 58.1798
-130.878 32.564 58.386
-131.113 32.3528 58.5857
-131.356 32.1444 58.7786
-131.607 31.9389 58.9644
-131.866 31.7368 59.1427
-132.134 31.5386 59.3122
-132.409 31.3441 59.4735
-132.692 31.1537 59.6263
-132.982 30.9676 59.7703
-133.28 30.7859 59.9053
-133.585 30.6095 60.0299
-133.896 30.4382 60.1446
-134.214 30.2721 60.2495
-134.538 30.1115 60.3444
-134.868 29.9565 60.4293
-135.203 29.8081 60.5026
-135.542 29.6658 60.5655
-135.887 29.5296 60.6181
-136.234 29.3996 60.6605
-136.586 29.276 60.6926
-136.94 29.1595 60.7135
-137.297 29.0496 60.7242
-137.656 28.9463 60.725
-138.017 28.8495 60.7161
-138.379 28.7592 60.6979
-138.743 28.6753 60.6704
-139.106 28.598 60.6337
-139.471 28.5276 60.5877
-139.835 28.4633 60.5333
-140.199 28.4053 60.4708
-140.562 28.3532 60.4006
-140.925 28.3071 60.3228
-141.286 28.2668 60.2378
-141.647 28.2322 60.1459
-142.006 28.2032 60.0473
-142.364 28.1796 59.9424
-142.721 28.1613 59.8313
-143.075 28.1482 59.7145
-143.429 28.1401 59.5921
-143.78 28.137 59.4644
-144.129 28.1386 59.3317
-144.477 28.1449 59.1942
-144.822 28.1558 59.0521
-145.166 28.171 58.9056
-145.507 28.1905 58.755
-145.847 28.2143 58.6005
-146.184 28.242 58.4422
-146.52 28.2738 58.2804
-146.853 28.3094 58.1151
-147.184 28.3488 57.9467
-147.514 28.3918 57.7752
-147.841 28.4387 57.6005
-148.166 28.4893 57.423
-148.489 28.5434 57.2429
-148.81 28.6007 57.0602
-149.129 28.6613 56.8752
-149.446 28.7252 56.688
-149.761 28.7921 56.4987
-150.074 28.8622 56.3073
-150.385 28.9359 56.1136
-150.695 29.0125 55.9181
-151.002 29.092 55.7209
-151.308 29.1743 55.5221
-151.612 29.2595 55.3218
-151.914 29.3474 55.12
-152.213 29.4387 54.9165
-152.512 29.5327 54.7117
-152.808 29.6294 54.5057
-153.103 29.7286 54.2986
-153.396 29.8303 54.0904
-153.688 29.9352 53.8809
-153.977 30.0428 53.6705
-154.265 30.1529 53.4592
-154.552 30.2654 53.2471
-154.837 30.3803 53.0342
-155.12 30.4983 52.8205
-155.401 30.6188 52.606
-155.681 30.7417 52.391
-155.959 30.867 52.1755
-156.236 30.9947 51.9594
-156.511 31.1255 51.7428
-156.785 31.2586 51.5258
-157.057 31.394 51.3085
-157.328 31.5317 51.0909
-157.598 31.6722 50.873
-157.865 31.8154 50.6549
-158.132 31.9608 50.4367
-158.397 32.1086 50.2184
-158.66 32.2587 50
-158.922 32.4119 49.7816
-159.182 32.5675 49.5633
-159.441 32.7254 49.3451
-159.699 32.8856 49.127
-159.956 33.0485 48.9091
-160.21 33.2143 48.6915
-160.464 33.3824 48.4742
-160.716 33.5528 48.2572
-160.967 33.7257 48.0406
-161.216 33.9017 47.8245
-161.463 34.0803 47.609
-161.71 34.2612 47.394
-161.955 34.4447 47.1795
-162.199 34.6308 46.9658
-162.441 34.8201 46.7529
-162.681 35.0119 46.5408
-162.921 35.2063 46.3295
-163.159 35.4032 46.1191
-163.395 35.6031 45.9096
-163.63 35.8061 45.7014
-163.863 36.0119 45.4943
-164.095 36.2204 45.2883
-164.326 36.4317 45.0835
-164.555 36.6457 44.88
-164.782 36.8634 44.6782
-165.007 37.0839 44.4779
-165.232 37.3074 44.2791
-165.454 37.5339 44.0819
-165.675 37.7633 43.8864
-165.894 37.9959 43.6927
-166.112 38.2322 43.5013
-166.327 38.4717 43.312
-166.541 38.7145 43.1248
-166.753 38.9605 42.9398
-166.963 39.2098 42.7571
-167.172 39.4625 42.577
-167.378 39.7187 42.3995
-167.582 39.9784 42.2248
-167.784 40.2421 42.0533
-167.984 40.5094 41.8849
-168.181 40.7803 41.7196
-168.377 41.0549 41.5578
-168.569 41.3332 41.3995
-168.76 41.6154 41.245
-168.947 41.9014 41.0944
-169.132 42.1913 40.9479
-169.314 42.4851 40.8058
-169.494 42.7828 40.6683
-169.67 43.0846 40.5356
-169.843 43.3904 40.4079
-170.012 43.7002 40.2855
-170.178 44.014 40.1687
-170.341 44.3318 40.0576
-170.499 44.6535 39.9527
-170.654 44.9793 39.8541
-170.804 45.3089 39.7622
-170.95 45.6423 39.6772
-171.091 45.9794 39.5994
-171.228 46.3201 39.5292
-171.36 46.6643 39.4667
-171.486 47.0117 39.4123
-171.607 47.3623 39.3663
-171.722 47.7161 39.3296
-171.831 48.0725 39.3021
-171.934 48.4314 39.2839
-172.031 48.7923 39.275
-172.121 49.155 39.2758
-172.204 49.5192 39.2865
-172.28 49.8844 39.3074
-172.349 50.2504 39.3395
-172.41 50.6166 39.3819
-172.464 50.9827 39.4345
-172.511 51.3481 39.4974
-172.55 51.7125 39.5707
-172.581 52.0752 39.6556
-172.603 52.436 39.7505
-172.619 52.7944 39.8554
-172.626 53.15 39.9701
-172.626 53.5024 40.0947
-172.617 53.8508 40.2297
-172.601 54.1953 40.3737
-172.578 54.5356 40.5265
-172.547 54.8713 40.6878
-172.509 55.2022 40.8573
-172.464 55.5275 41.0356
-172.411 55.8476 41.2214
-172.352 56.1622 41.4143
-172.287 56.4712 41.614
-172.215 56.7746 41.8202
-172.137 57.072 42.0326
-172.052 57.363 42.2514
-171.962 57.648 42.4757
-171.866 57.9271 42.7051
-171.764 58.2 42.9393
-171.658 58.467 43.1782
-171.546 58.7278 43.4213
-171.429 58.9826 43.6685
-171.307 59.2314 43.9195
-171.18 59.4737 44.1743
-171.049 59.71 44.4324
-170.913 59.9403 44.6935
-170.773 60.1646 44.9575
-170.628 60.3831 45.2241
-170.48 60.5956 45.4932
-170.327 60.8024 45.7646
-170.17 61.0033 46.038
-170.01 61.1985 46.3134
-169.846 61.388 46.5905
-169.678 61.5718 46.8692
-169.506 61.7499 47.1494
-169.331 61.9223 47.4308
-169.152 62.0892 47.7135
-168.969 62.2505 47.9971
-168.784 62.4062 48.2816
-168.594 62.5563 48.5669
-168.402 62.7009 48.8528
-168.206 62.84 49.1391
-168.007 62.9735 49.4259
-167.805 63.1015 49.7129
-167.599 63.224 50
-167.39 63.3408 50.2871
-167.178 63.452 50.5741
-166.963 63.5577 50.8609
-166.745 63.6578 51.1472
-166.523 63.7522 51.4331
-166.298 63.8409 51.7184
-166.071 63.924 52.0029
-165.84 64.0012 52.2865
-165.606 64.0727 52.5692
-165.369 64.1383 52.8506
-165.129 64.1979 53.1308
-164.886 64.2516 53.4095
-164.64 64.2991 53.6866
-164.39 64.3406 53.962
-164.138 64.3757 54.2354
-163.882 64.4046 54.5068
-163.624 64.427 54.7759
-163.363 64.4429 55.0425
-163.098 64.4522 55.3065
-162.831 64.4548 55.5676
-162.561 64.4505 55.8257
-162.287 64.4391 56.0805
-162.011 64.4201 56.3315
-161.732 64.394 56.5787
-161.45 64.3604 56.8218
-161.165 64.3194 57.0607
-160.878 64.2707 57.2949
-160.589 64.2143 57.5243
-160.297 64.1501 57.7486
-160.002 64.0778 57.9674
-159.706 63.9967 58.1798
-159.407 63.9072 58.386
-159.107 63.8094 58.5857
-158.805 63.7032 58.7786
-158.501 63.5886 58.9644
-158.197 63.4654 59.1427
-157.891 63.3328 59.3122
-157.585 63.1914 59.4735
-157.279 63.0415 59.6263
-156.973 62.8832 59.7703
-156.666 62.7165 59.9053
-156.361 62.5405 60.0299
-156.057 62.3562 60.1446
-155.754 62.1638 60.2495
-155.453 61.9637 60.3444
-155.154 61.756 60.4293
-154.858 61.54 60.5026
-154.565 61.3169 60.5655
-154.275 61.0871 60.6181
-153.989 60.8508 60.6605
-153.706 60.6084 60.6926
-153.428 60.3597 60.7135
-153.154 60.1054 60.7242
-152.885 59.846 60.725
-152.621 59.5819 60.7161
-152.361 59.3134 60.6979
-152.107 59.0408 60.6704
-151.858 58.7643 60.6337
-151.615 58.4842 60.5877
-151.378 58.2009 60.5333
-151.145 57.9148 60.4708
-150.919 57.6262 60.4006
-150.697 57.3352 60.3228
-150.482 57.042 60.2378
-150.271 56.747 60.1459
-150.066 56.4504 60.0473
-149.867 56.1522 59.9424
-149.673 55.8526 59.8313
-149.484 55.552 59.7145
-149.301 55.2502 59.5921
-149.122 54.9476 59.4644
-148.949 54.6442 59.3317
-148.781 54.3401 59.1942
-148.618 54.0355 59.0521
-148.459 53.7304 58.9056
-148.305 53.4248 58.755
-148.156 53.119 58.6005
-148.011 52.8128 58.4422
-147.871 52.5065 58.2804
-147.735 52.2 58.1151
-147.604 51.8934 57.9467
-147.476 51.5867 57.7752
-147.353 51.2799 57.6005
-147.235 50.9732 57.423
-147.12 50.6664 57.2429
-147.009 50.3597 57.0602
-146.902 50.0531 56.8752
-146.799 49.7465 56.688
-146.699 49.4401 56.4987
-146.603 49.1337 56.3073
-146.511 48.8275 56.1136
-146.423 48.5214 55.9181
-146.338 48.2154 55.7209
-146.257 47.9096 55.5221
-146.179 47.6039 55.3218
-146.104 47.2983 55.12
-146.033 46.9929 54.9165
-145.965 46.6877 54.7117
-145.901 46.3825 54.5057
-145.839 46.0776 54.2986
-145.781 45.7727 54.0904
-145.726 45.468 53.8809
-145.674 45.1635 53.6705
-145.626 44.859 53.4592
-145.58 44.5547 53.2471
-145.537 44.2505 53.0342
-145.497 43.9464 52.8205
-145.461 43.6424 52.606
-145.428 43.3385 52.391
-145.397 43.0347 52.1755
-145.369 42.731 51.9594
-145.345 42.4274 51.7428
-145.323 42.1238 51.5258
-145.304 41.8203 51.3085
-145.288 41.5168 51.0909
-145.275 41.2134 50.873
-145.265 40.91 50.6549
-145.258 40.6067 50.4367
-145.254 40.3033 50.2184
-145.252 40 50
-145.254 39.6967 49.7816
-145.258 39.3933 49.5633
-145.265 39.09 49.3451
-145.275 38.7866 49.127
-145.288 38.4832 48.9091
-145.304 38.1797 48.6915
-145.323 37.8762 48.4742
-145.345 37.5726 48.2572
-145.369 37.269 48.0406
-145.397 36.9653 47.8245
-145.428 36.6615 47.609
-145.461 36.3576 47.394
-145.497 36.0536 47.1795
-145.537 35.7495 46.9658
-145.58 35.4453 46.7529
-145.626 35.141 46.5408
-145.674 34.8365 46.3295
-145.726 34.532 46.1191
-145.781 34.2273 45.9096
-145.839 33.9224 45.7014
-145.901 33.6175 45.4943
-145.965 33.3123 45.2883
-146.033 33.0071 45.0835
-146.104 32.7017 44.88
-146.179 32.3961 44.6782
-146.257 32.0904 44.4779
-146.338 31.7846 44.2791
-146.423 31.4786 44.0819
-146.511 31.1725 43.8864
-146.603 30.8663 43.6927
-146.699 30.5599 43.5013
-146.799 30.2535 43.312
-146.902 29.9469 43.1248
-147.009 29.6403 42.9398
-147.12 29.3336 42.7571
-147.235 29.0268 42.577
-147.353 28.7201 42.3995
-147.476 28.4133 42.2248
-147.604 28.1066 42.0533
-147.735 27.8 41.8849
-147.871 27.4935 41.7196
-148.011 27.1872 41.5578
-148.156 26.881 41.3995
-148.305 26.5752 41.245
-148.459 26.2696 41.0944
-148.618 25.9645 40.9479
-148.781 25.6599 40.8058
-148.949 25.3558 40.6683
-149.122 25.0524 40.5356
-149.301 24.7498 40.4079
-149.484 24.448 40.2855
-149.673 24.1474 40.1687
-149.867 23.8478 40.0576
-150.066 23.5496 39.9527
-150.271 23.253 39.8541
-150.482 22.958 39.7622
-150.697 22.6648 39.6772
-150.919 22.3738 39.5994
-151.145 22.0852 39.5292
-151.378 21.7991 39.4667
-151.615 21.5158 39.4123
-151.858 21.2357 39.3663
-152.107 20.9592 39.3296
-152.361 20.6866 39.3021
-152.621 20.4181 39.2839
-152.885 20.154 39.275
-153.154 19.8946 39.2758
-153.428 19.6403 39.2865
-153.706 19.3916 39.3074
-153.989 19.1492 39.3395
-154.275 18.9129 39.3819
-154.565 18.6831 39.4345
-154.858 18.46 39.4974
-155.154 18.244 39.5707
-155.453 18.0363 39.6556
-155.754 17.8362 39.7505
-156.057 17.6438 39.8554
-156.361 17.4595 39.9701
-156.666 17.2835 40.0947
-156.973 17.1168 40.2297
-157.279 16.9585 40.3737
-157.585 16.8086 40.5265
-157.891 16.6672 40.6878
-158.197 16.5346 40.8573
-158.501 16.4114 41.0356
-158.805 16.2968 41.2214
-159.107 16.1906 41.4143
-159.407 16.0928 41.614
-159.706 16.0033 41.8202
-160.002 15.9222 42.0326
-160.297 15.8499 42.2514
-160.589 15.7857 42.4757
-160.878 15.7293 42.7051
-161.165 15.6806 42.9393
-161.45 15.6396 43.1782
-161.732 15.606 43.4213
-162.011 15.5799 43.6685
-162.287 15.5609 43.9195
-162.561 15.5495 44.1743
-162.831 15.5452 44.4324
-163.098 15.5478 44.6935
-163.363 15.5571 44.9575
-163.624 15.573 45.2241
-163.882 15.5954 45.4932
-164.138 15.6243 45.7646
-164.39 15.6594 46.038
-164.64 15.7009 46.3134
-164.886 15.7484 46.5905
-165.129 15.8021 46.8692
-165.369 15.8617 47.1494
-165.606 15.9273 47.4308
-165.84 15.9988 47.7135
-166.071 16.076 47.9971
-166.298 16.1591 48.2816
-166.523 16.2478 48.5669
-166.745 16.3422 48.8528
-166.963 16.4423 49.1391
-167.178 16.548 49.4259
-167.39 16.6592 49.7129
-167.599 16.776 50
-167.805 16.8985 50.2871
-168.007 17.0265 50.5741
-168.206 17.16 50.8609
-168.402 17.2991 51.1472
-168.594 17.4437 51.4331
-168.784 17.5938 51.7184
-168.969 17.7495 52.0029
-169.152 17.9108 52.2865
-169.331 18.0777 52.5692
-169.506 18.2501 52.8506
-169.678 18.4282 53.1308
-169.846 18.612 53.4095
-170.01 18.8015 53.6866
-170.17 18.9967 53.962
-170.327 19.1976 54.2354
-170.48 19.4044 54.5068
-170.628 19.6169 54.7759
-170.773 19.8354 55.0425
-170.913 20.0597 55.3065
-171.049 20.29 55.5676
-171.18 20.5263 55.8257
-171.307 20.7686 56.0805
-171.429 21.0174 56.3315
-171.546 21.2722 56.5787
-171.658 21.533 56.8218
-171.764 21.8 57.0607
-171.866 22.0729 57.2949
-171.962 22.352 57.5243
-172.052 22.637 57.7486
-172.137 22.928 57.9674
-172.215 23.2254 58.1798
-172.287 23.5288 58.386
-172.352 23.8378 58.5857
-172.411 24.1524 58.7786
-172.464 24.4725 58.9644
-172.509 24.7978 59.1427
-172.547 25.1287 59.3122
-172.578 25.4644 59.4735
-172.601 25.8047 59.6263
-172.617 26.1492 59.7703
-172.626 26.4976 59.9053
-172.626 26.85 60.0299
-172.619 27.2056 60.1446
-172.603 27.564 60.2495
-172.581 27.9248 60.3444
-172.55 28.2875 60.4293
-172.511 28.6519 60.5026
-172.464 29.0173 60.5655
-172.41 29.3834 60.6181
-172.349 29.7496 60.6605
-172.28 30.1156 60.6926
-172.204 30.4808 60.7135
-172.121 30.845 60.7242
-172.031 31.2077 60.725
-171.934 31.5686 60.7161
-171.831 31.9275 60.6979
-171.722 32.2839 60.6704
-171.607 32.6377 60.6337
-171.486 32.9883 60.5877
-171.36 33.3357 60.5333
-171.228 33.6799 60.4708
-171.091 34.0206 60.4006
-170.95 34.3577 60.3228
-170.804 34.6911 60.2378
-170.654 35.0207 60.1459
-170.499 35.3465 60.0473
-170.341 35.6682 59.9424
-170.178 35.986 59.8313
-170.012 36.2998 59.7145
-169.843 36.6096 59.5921
-169.67 36.9154 59.4644
-169.494 37.2172 59.3317
-169.314 37.5149 59.1942
-169.132 37.8087 59.0521
-168.947 38.0986 58.9056
-168.76 38.3846 58.755
-168.569 38.6668 58.6005
-168.377 38.9451 58.4422
-168.181 39.2197 58.2804
-167.984 39.4906 58.1151
-167.784 39.7579 57.9467
-167.582 40.0216 57.7752
-167.378 40.2813 57.6005
-167.172 40.5375 57.423
-166.963 40.7902 57.2429
-166.753 41.0395 57.0602
-166.541 41.2855 56.8752
-166.327 41.5283 56.688
-166.112 41.7678 56.4987
-165.894 42.0041 56.3073
-165.675 42.2367 56.1136
-165.454 42.4661 55.9181
-165.232 42.6926 55.7209
-165.007 42.9161 55.5221
-164.782 43.1366 55.3218
-164.555 43.3543 55.12
-164.326 43.5683 54.9165
-164.095 43.7796 54.7117
-163.863 43.9881 54.5057
-163.63 44.1939 54.2986
-163.395 44.3969 54.0904
-163.159 44.5968 53.8809
-162.921 44.7937 53.6705
-162.681 44.9881 53.4592
-162.441 45.1799 53.2471
-162.199 45.3692 53.0342
-161.955 45.5553 52.8205
-161.71 45.7388 52.606
-161.463 45.9197 52.391
-161.216 46.0983 52.1755
-160.967 46.2743 51.9594
-160.716 46.4472 51.7428
-160.464 46.6176 51.5258
-160.21 46.7857 51.3085
-159.956 46.9515 51.0909
-159.699 47.1144 50.873
-159.441 47.2746 50.6549
-159.182 47.4325 50.4367
-158.922 47.5881 50.2184
-158.66 47.7413 50
-158.397 47.8914 49.7816
-158.132 48.0392 49.5633
-157.865 48.1846 49.3451
-157.598 48.3278 49.127
-157.328 48.4683 48.9091
-157.057 48.606 48.6915
-156.785 48.7414 48.4742
-156.511 48.8745 48.2572
-156.236 49.0053 48.0406
-155.959 49.133 47.8245
-155.681 49.2583 47.609
-155.401 49.3812 47.394
-155.12 49.5017 47.1795
-154.837 49.6197 46.9658
-154.552 49.7346 46.7529
-154.265 49.8471 46.5408
-153.977 49.9572 46.3295
-153.688 50.0648 46.1191
-153.396 50.1697 45.9096
-153.103 50.2714 45.7014
-152.808 50.3706 45.4943
-152.512 50.4673 45.2883
-152.213 50.5613 45.0835
-151.914 50.6526 44.88
-151.612 50.7405 44.6782
-151.308 50.8257 44.4779
-151.002 50.908 44.2791
-150.695 50.9875 44.0819
-150.385 51.0641 43.8864
-150.074 51.1378 43.6927
-149.761 51.2079 43.5013
-149.446 51.2748 43.312
-149.129 51.3387 43.1248
-148.81 51.3993 42.9398
-148.489 51.4566 42.7571
-148.166 51.5107 42.577
-147.841 51.5613 42.3995
-147.514 51.6082 42.2248
-147.184 51.6512 42.0533
-146.853 51.6906 41.8849
-146.52 51.7262 41.7196
-146.184 51.758 41.5578
-145.847 51.7857 41.3995
-145.507 51.8095 41.245
-145.166 51.829 41.0944
-144.822 51.8442 40.9479
-144.477 51.8551 40.8058
-144.129 51.8614 40.6683
-143.78 51.863 40.5356
-143.429 51.8599 40.4079
-143.075 51.8518 40.2855
-142.721 51.8387 40.1687
-142.364 51.8204 40.0576
-142.006 51.7968 39.9527
-141.647 51.7678 39.8541
-141.286 51.7332 39.7622
-140.925 51.6929 39.6772
-140.562 51.6468 39.5994
-140.199 51.5947 39.5292
-139.835 51.5367 39.4667
-139.471 51.4724 39.4123
-139.106 51.402 39.3663
-138.743 51.3247 39.3296
-138.379 51.2408 39.3021
-138.017 51.1505 39.2839
-137.656 51.0537 39.275
-137.297 50.9504 39.2758
-136.94 50.8405 39.2865
-136.586 50.724 39.3074
-136.234 50.6004 39.3395
-135.887 50.4704 39.3819
-135.542 50.3342 39.4345
-135.203 50.1919 39.4974
-134.868 50.0435 39.5707
-134.538 49.8885 39.6556
-134.214 49.7279 39.7505
-133.896 49.5618 39.8554
-133.585 49.3905 39.9701
-133.28 49.2141 40.0947
-132.982 49.0324 40.2297
-132.692 48.8463 40.3737
-132.409 48.6559 40.5265
-132.134 48.4614 40.6878
-131.866 48.2632 40.8573
-131.607 48.0611 41.0356
-131.356 47.8556 41.2214
-131.113 47.6472 41.4143
-130.878 47.436 41.614
-130.651 47.2221 41.8202
-130.433 47.0058 42.0326
-130.223 46.787 42.2514
-130.021 46.5663 42.4757
-129.828 46.3437 42.7051
-129.642 46.1193 42.9393
-129.464 45.8935 43.1782
-129.294 45.6661 43.4213
-129.132 45.4375 43.6685
-128.978 45.2077 43.9195
-128.831 44.9767 44.1743
-128.692 44.7448 44.4324
-128.561 44.5119 44.6935
-128.436 44.2783 44.9575
-128.32 44.044 45.2241
-128.21 43.8089 45.4932
-128.107 43.5733 45.7646
-128.011 43.3372 46.038
-127.923 43.1006 46.3134
-127.841 42.8636 46.5905
-127.766 42.6261 46.8692
-127.697 42.3884 47.1494
-127.635 42.1503 47.4308
-127.58 41.912 47.7135
-127.532 41.6735 47.9971
-127.49 41.4348 48.2816
-127.454 41.1959 48.5669
-127.425 40.9569 48.8528
-127.403 40.7177 49.1391
-127.387 40.4785 49.4259
-127.377 40.2393 49.7129
40 50 6.02647e-312
39.7607 50.2871 5.77183e-312
39.5215 50.5741 5.79305e-312
39.2823 50.8609 6.04769e-312
39.0431 51.1472 5.79305e-312
38.8041 51.4331 5.81427e-312
38.5652 51.7184 6.06891e-312
38.3265 52.0029 5.81427e-312
38.088 52.2865 5.83549e-312
37.8497 52.5692 6.09013e-312
37.6116 52.8506 5.83549e-312
37.3739 53.1308 5.60207e-312
37.1364 53.4095 6.11135e-312
36.8994 53.6866 5.85671e-312
36.6628 53.962 5.87793e-312
36.4267 54.2354 6.13257e-312
36.1911 54.5068 1.65751e-153
35.956 54.7759 3.59905e+179
35.7217 55.0425 4.43802e-38
35.4881 55.3065 1.0854e-71
35.2552 55.5676 5.92037e-312
35.0233 55.8257 6.17501e-312
34.7923 56.0805 5.92037e-312
34.5625 56.3315 5.94159e-312
34.3339 56.5787 6.19623e-312
34.1065 56.8218 5.94159e-312
33.8807 57.0607 5.96281e-312
33.6563 57.2949 6.21745e-312
33.4337 57.5243 5.96281e-312
33.213 57.7486 5.98403e-312
32.9942 57.9674 6.23867e-312
32.7779 58.1798 5.98403e-312
32.564 58.386 6.00525e-312
32.3528 58.5857 6.25989e-312
32.1444 58.7786 6.00525e-312
31.9389 58.9644 6.02647e-312
31.7368 59.1427 6.28111e-312
31.5386 59.3122 6.02647e-312
31.3441 59.4735 6.04769e-312
31.1537 59.6263 6.30233e-312
30.9676 59.7703 6.04769e-312
30.7859 59.9053 6.06891e-312
30.6095 60.0299 6.32355e-312
30.4382 60.1446 6.06891e-312
30.2721 60.2495 6.09013e-312
30.1115 60.3444 6.34477e-312
29.9565 60.4293 6.09013e-312
29.8081 60.5026 5.85671e-312
29.6658 60.5655 6.36599e-312
29.5296 60.6181 6.11135e-312
29.3996 60.6605 6.13257e-312
29.276 60.6926 6.38721e-312
29.1595 60.7135 6.13257e-312
29.0496 60.7242 6.15379e-312
28.9463 60.725 6.40843e-312
28.8495 60.7161 6.15379e-312
28.7592 60.6979 6.17501e-312
28.6753 60.6704 6.42965e-312
28.598 60.6337 6.17501e-312
28.5276 60.5877 6.19623e-312
28.4633 60.5333 6.45087e-312
28.4053 60.4708 6.19623e-312
28.3532 60.4006 6.21745e-312
28.3071 60.3228 6.47209e-312
28.2668 60.2378 6.21745e-312
28.2322 60.1459 6.23867e-312
28.2032 60.0473 6.49331e-312
28.1796 59.9424 6.23867e-312
28.1613 59.8313 6.25989e-312
28.1482 59.7145 6.51453e-312
28.1401 59.5921 6.25989e-312
28.137 59.4644 6.28111e-312
28.1386 59.3317 6.53575e-312
28.1449 59.1942 6.28111e-312
28.1558 59.0521 6.30233e-312
28.171 58.9056 6.55697e-312
28.1905 58.755 6.30233e-312
28.2143 58.6005 6.32355e-312
28.242 58.4422 6.57819e-312
28.2738 58.2804 6.32355e-312
28.3094 58.1151 6.34477e-312
28.3488 57.9467 6.59941e-312
28.3918 57.7752 6.34477e-312
28.4387 57.6005 6.11135e-312
28.4893 57.423 6.62063e-312
28.5434 57.2429 6.36599e-312
28.6007 57.0602 6.38721e-312
28.6613 56.8752 6.64185e-312
28.7252 56.688 6.38721e-312
28.7921 56.4987 6.40843e-312
28.8622 56.3073 6.66307e-312
28.9359 56.1136 6.40843e-312
29.0125 55.9181 6.42965e-312
29.092 55.7209 6.68429e-312
29.1743 55.5221 6.42965e-312
29.2595 55.3218 6.45087e-312
29.3474 55.12 6.70551e-312
29.4387 54.9165 6.45087e-312
29.5327 54.7117 6.47209e-312
29.6294 54.5057 6.72673e-312
29.7286 54.2986 6.47209e-312
29.8303 54.0904 6.49331e-312
29.9352 53.8809 6.74795e-312
30.0428 53.6705 6.49331e-312
30.1529 53.4592 6.51453e-312
30.2654 53.2471 6.76917e-312
30.3803 53.0342 6.51453e-312
30.4983 52.8205 6.53575e-312
30.6188 52.606 6.79039e-312
30.7417 52.391 6.53575e-312
30.867 52.1755 6.55697e-312
30.9947 51.9594 6.81161e-312
31.1255 51.7428 6.55697e-312
31.2586 51.5258 6.57819e-312
31.394 51.3085 6.83283e-312
31.5317 51.0909 6.57819e-312
31.6722 50.873 6.59941e-312
31.8154 50.6549 6.85405e-312
31.9608 50.4367 6.59941e-312
32.1086 50.2184 6.36599e-312
32.2587 50 6.87527e-312
32.4119 49.7816 6.62063e-312
32.5675 49.5633 6.64185e-312
32.7254 49.3451 6.89649e-312
32.8856 49.127 6.64185e-312
33.0485 48.9091 6.66307e-312
33.2143 48.6915 6.91771e-312
33.3824 48.4742 6.66307e-312
33.5528 48.2572 6.68429e-312
33.7257 48.0406 6.93893e-312
33.9017 47.8245 6.68429e-312
34.0803 47.609 6.70551e-312
34.2612 47.394 6.96015e-312
34.4447 47.1795 6.70551e-312
34.6308 46.9658 6.72673e-312
34.8201 46.7529 6.98137e-312
35.0119 46.5408 6.72673e-312
35.2063 46.3295 6.74795e-312
35.4032 46.1191 7.00259e-312
35.6031 45.9096 6.74795e-312
35.8061 45.7014 6.76917e-312
36.0119 45.4943 7.02381e-312
36.2204 45.2883 6.76917e-312
36.4317 45.0835 6.79039e-312
36.6457 44.88 7.04503e-312
36.8634 44.6782 6.79039e-312
37.0839 44.4779 6.81161e-312
37.3074 44.2791 7.06625e-312
37.5339 44.0819 6.81161e-312
37.7633 43.8864 6.83283e-312
37.9959 43.6927 7.08747e-312
38.2322 43.5013 6.83283e-312
38.4717 43.312 6.85405e-312
38.7145 43.1248 7.10869e-312
38.9605 42.9398 6.85405e-312
39.2098 42.7571 6.62063e-312
39.4625 42.577 7.12991e-312
39.7187 42.3995 6.87527e-312
39.9784 42.2248 6.89649e-312
40.2421 42.0533 7.15113e-312
40.5094 41.8849 6.89649e-312
40.7803 41.7196 6.91771e-312
41.0549 41.5578 7.17235e-312
41.3332 41.3995 6.91771e-312
41.6154 41.245 6.93893e-312
41.9014 41.0944 7.19357e-312
42.1913 40.9479 6.93893e-312
42.4851 40.8058 6.96015e-312
42.7828 40.6683 7.21479e-312
43.0846 40.5356 6.96015e-312
43.3904 40.4079 6.98137e-312
43.7002 40.2855 7.23601e-312
44.014 40.1687 6.98137e-312
44.3318 40.0576 7.00259e-312
44.6535 39.9527 7.25723e-312
44.9793 39.8541 7.00259e-312
45.3089 39.7622 7.02381e-312
45.6423 39.6772 7.27845e-312
45.9794 39.5994 7.02381e-312
46.3201 39.5292 7.04503e-312
46.6643 39.4667 7.29967e-312
47.0117 39.4123 7.04503e-312
47.3623 39.3663 7.06625e-312
47.7161 39.3296 7.32089e-312
48.0725 39.3021 7.06625e-312
48.4314 39.2839 7.08747e-312
48.7923 39.275 7.34211e-312
49.155 39.2758 7.08747e-312
49.5192 39.2865 7.10869e-312
49.8844 39.3074 7.36333e-312
50.2504 39.3395 7.10869e-312
50.6166 39.3819 6.87527e-312
50.9827 39.4345 7.38455e-312
51.3481 39.4974 7.12991e-312
51.7125 39.5707 7.15113e-312
52.0752 39.6556 7.40577e-312
52.436 39.7505 7.15113e-312
52.7944 39.8554 7.17235e-312
53.15 39.9701 7.42699e-312
53.5024 40.0947 7.17235e-312
53.8508 40.2297 7.19357e-312
54.1953 40.3737 7.44821e-312
54.5356 40.5265 7.19357e-312
54.8713 40.6878 7.21479e-312
55.2022 40.8573 7.46943e-312
55.5275 41.0356 7.21479e-312
55.8476 41.2214 7.23601e-312
56.1622 41.4143 7.49065e-312
56.4712 41.614 7.23601e-312
56.7746 41.8202 7.25723e-312
57.072 42.0326 7.51187e-312
57.363 42.2514 7.25723e-312
57.648 42.4757 7.27845e-312
57.9271 42.7051 7.53309e-312
58.2 42.9393 7.27845e-312
58.467 43.1782 7.29967e-312
58.7278 43.4213 7.55431e-312
58.9826 43.6685 7.29967e-312
59.2314 43.9195 7.32089e-312
59.4737 44.1743 7.57552e-312
59.71 44.4324 7.32089e-312
59.9403 44.6935 7.34211e-312
60.1646 44.9575 7.59674e-312
60.3831 45.2241 7.34211e-312
60.5956 45.4932 7.36333e-312
60.8024 45.7646 7.61796e-312
61.0033 46.038 7.36333e-312
61.1985 46.3134 7.12991e-312
61.388 46.5905 7.63918e-312
61.5718 46.8692 7.38455e-312
61.7499 47.1494 7.40577e-312
61.9223 47.4308 7.6604e-312
62.0892 47.7135 7.40577e-312
62.2505 47.9971 7.42699e-312
62.4062 48.2816 7.68162e-312
62.5563 48.5669 7.42699e-312
62.7009 48.8528 7.44821e-312
62.84 49.1391 7.70284e-312
62.9735 49.4259 7.44821e-312
63.1015 49.7129 7.46943e-312
63.224 50 7.72406e-312
63.3408 50.2871 7.46943e-312
63.452 50.5741 7.49065e-312
63.5577 50.8609 7.74528e-312
63.6578 51.1472 7.49065e-312
63.7522 51.4331 7.51187e-312
63.8409 51.7184 7.7665e-312
63.924 52.0029 7.51187e-312
64.0012 52.2865 7.53309e-312
64.0727 52.5692 7.78772e-312
64.1383 52.8506 7.53309e-312
64.1979 53.1308 7.55431e-312
64.2516 53.4095 7.80894e-312
64.2991 53.6866 7.55431e-312
64.3406 53.962 7.57552e-312
64.3757 54.2354 7.83016e-312
64.4046 54.5068 7.57552e-312
64.427 54.7759 7.59674e-312
64.4429 55.0425 7.85138e-312
64.4522 55.3065 7.59674e-312
64.4548 55.5676 7.61796e-312
64.4505 55.8257 7.8726e-312
64.4391 56.0805 7.61796e-312
64.4201 56.3315 7.38455e-312
64.394 56.5787 7.89382e-312
64.3604 56.8218 7.63918e-312
64.3194 57.0607 7.6604e-312
64.2707 57.2949 7.91504e-312
64.2143 57.5243 7.6604e-312
64.1501 57.7486 7.68162e-312
64.0778 57.9674 7.93626e-312
63.9967 58.1798 7.68162e-312
63.9072 58.386 7.70284e-312
63.8094 58.5857 7.95748e-312
63.7032 58.7786 7.70284e-312
63.5886 58.9644 7.72406e-312
63.4654 59.1427 7.9787e-312
63.3328 59.3122 7.72406e-312
63.1914 59.4735 7.74528e-312
63.0415 59.6263 7.99992e-312
62.8832 59.7703 7.74528e-312
62.7165 59.9053 7.7665e-312
62.5405 60.0299 8.02114e-312
62.3562 60.1446 7.7665e-312
62.1638 60.2495 7.78772e-312
61.9637 60.3444 8.04236e-312
61.756 60.4293 7.78772e-312
61.54 60.5026 7.80894e-312
61.3169 60.5655 8.06358e-312
61.0871 60.6181 7.80894e-312
60.8508 60.6605 7.83016e-312
60.6084 60.6926 8.0848e-312
60.3597 60.7135 7.83016e-312
60.1054 60.7242 7.85138e-312
59.846 60.725 8.10602e-312
59.5819 60.7161 7.85138e-312
59.3134 60.6979 7.8726e-312
59.0408 60.6704 8.12724e-312
58.7643 60.6337 7.8726e-312
58.4842 60.5877 7.63918e-312
58.2009 60.5333 8.14846e-312
57.9148 60.4708 7.89382e-312
57.6262 60.4006 7.91504e-312
57.3352 60.3228 8.16968e-312
57.042 60.2378 7.91504e-312
56.747 60.1459 7.93626e-312
56.4504 60.0473 8.1909e-312
56.1522 59.9424 7.93626e-312
55.8526 59.8313 7.95748e-312
55.552 59.7145 8.21212e-312
55.2502 59.5921 7.95748e-312
54.9476 59.4644 7.9787e-312
54.6442 59.3317 8.23334e-312
54.3401 59.1942 7.9787e-312
54.0355 59.0521 7.99992e-312
53.7304 58.9056 8.25456e-312
53.4248 58.755 7.99992e-312
53.119 58.6005 8.02114e-312
52.8128 58.4422 8.27578e-312
52.5065 58.2804 8.02114e-312
52.2 58.1151 8.04236e-312
51.8934 57.9467 8.297e-312
51.5867 57.7752 8.04236e-312
51.2799 57.6005 8.06358e-312
50.9732 57.423 8.31822e-312
50.6664 57.2429 8.06358e-312
50.3597 57.0602 8.0848e-312
50.0531 56.8752 8.33944e-312
49.7465 56.688 8.0848e-312
49.4401 56.4987 8.10602e-312
49.1337 56.3073 8.36066e-312
48.8275 56.1136 8.10602e-312
48.5214 55.9181 8.12724e-312
48.2154 55.7209 8.38188e-312
47.9096 55.5221 8.12724e-312
47.6039 55.3218 7.89382e-312
47.2983 55.12 8.4031e-312
46.9929 54.9165 8.14846e-312
46.6877 54.7117 8.16968e-312
46.3825 54.5057 8.42432e-312
46.0776 54.2986 8.16968e-312
45.7727 54.0904 8.1909e-312
45.468 53.8809 8.44554e-312
45.1635 53.6705 8.1909e-312
44.859 53.4592 8.21212e-312
44.5547 53.2471 8.46676e-312
44.2505 53.0342 8.21212e-312
43.9464 52.8205 8.23334e-312
43.6424 52.606 8.48798e-312
43.3385 52.391 8.23334e-312
43.0347 52.1755 8.25456e-312
42.731 51.9594 8.5092e-312
42.4274 51.7428 8.25456e-312
42.1238 51.5258 8.27578e-312
41.8203 51.3085 8.53042e-312
41.5168 51.0909 8.27578e-312
41.2134 50.873 8.297e-312
40.91 50.6549 8.55164e-312
40.6067 50.4367 8.297e-312
40.3033 50.2184 8.31822e-312
40 50 8.57286e-312
39.6967 49.7816 8.31822e-312
39.3933 49.5633 8.33944e-312
39.09 49.3451 8.59408e-312
38.7866 49.127 8.33944e-312
38.4832 48.9091 8.36066e-312
38.1797 48.6915 8.6153e-312
37.8762 48.4742 8.36066e-312
37.5726 48.2572 8.38188e-312
37.269 48.0406 8.63652e-312
36.9653 47.8245 8.38188e-312
36.6615 47.609 8.14846e-312
36.3576 47.394 8.65774e-312
36.0536 47.1795 8.4031e-312
35.7495 46.9658 8.42432e-312
35.4453 46.7529 8.67896e-312
35.141 46.5408 8.42432e-312
34.8365 46.3295 8.44554e-312
34.532 46.1191 8.70018e-312
34.2273 45.9096 8.44554e-312
33.9224 45.7014 8.46676e-312
33.6175 45.4943 8.7214e-312
33.3123 45.2883 8.46676e-312
33.0071 45.0835 8.48798e-312
32.7017 44.88 8.74262e-312
32.3961 44.6782 8.48798e-312
32.0904 44.4779 8.5092e-312
31.7846 44.2791 8.76384e-312
31.4786 44.0819 8.5092e-312
31.1725 43.8864 8.53042e-312
30.8663 43.6927 8.78506e-312
30.5599 43.5013 8.53042e-312
30.2535 43.312 8.55164e-312
29.9469 43.1248 8.80628e-312
29.6403 42.9398 8.55164e-312
29.3336 42.7571 8.57286e-312
29.0268 42.577 8.8275e-312
28.7201 42.3995 8.57286e-312
28.4133 42.2248 8.59408e-312
28.1066 42.0533 8.84872e-312
27.8 41.8849 8.59408e-312
27.4935 41.7196 8.6153e-312
27.1872 41.5578 8.86994e-312
26.881 41.3995 8.6153e-312
26.5752 41.245 8.63652e-312
26.2696 41.0944 8.89116e-312
25.9645 40.9479 8.63652e-312
25.6599 40.8058 8.4031e-312
25.3558 40.6683 8.91238e-312
25.0524 40.5356 8.65774e-312
24.7498 40.4079 8.67896e-312
24.448 40.2855 8.9336e-312
24.1474 40.1687 8.67896e-312
23.8478 40.0576 8.70018e-312
23.5496 39.9527 8.95482e-312
23.253 39.8541 8.70018e-312
22.958 39.7622 8.7214e-312
22.6648 39.6772 8.97604e-312
22.3738 39.5994 8.7214e-312
22.0852 39.5292 8.74262e-312
21.7991 39.4667 8.99726e-312
21.5158 39.4123 8.74262e-312
21.2357 39.3663 8.76384e-312
20.9592 39.3296 9.01848e-312
20.6866 39.3021 8.76384e-312
20.4181 39.2839 8.78506e-312
20.154 39.275 9.0397e-312
19.8946 39.2758 8.78506e-312
19.6403 39.2865 8.80628e-312
19.3916 39.3074 9.06092e-312
19.1492 39.3395 8.80628e-312
18.9129 39.3819 8.8275e-312
18.6831 39.4345 9.08214e-312
18.46 39.4974 8.8275e-312
18.244 39.5707 8.84872e-312
18.0363 39.6556 9.10336e-312
17.8362 39.7505 8.84872e-312
17.6438 39.8554 8.86994e-312
17.4595 39.9701 9.12458e-312
17.2835 40.0947 8.86994e-312
17.1168 40.2297 8.89116e-312
16.9585 40.3737 9.1458e-312
16.8086 40.5265 8.89116e-312
16.6672 40.6878 8.65774e-312
16.5346 40.8573 9.16702e-312
16.4114 41.0356 8.91238e-312
16.2968 41.2214 8.9336e-312
16.1906 41.4143 9.18824e-312
16.0928 41.614 8.9336e-312
16.0033 41.8202 8.95482e-312
15.9222 42.0326 9.20946e-312
15.8499 42.2514 8.95482e-312
15.7857 42.4757 8.97604e-312
15.7293 42.7051 9.23068e-312
15.6806 42.9393 8.97604e-312
15.6396 43.1782 8.99726e-312
15.606 43.4213 9.2519e-312
15.5799 43.6685 8.99726e-312
15.5609 43.9195 9.01848e-312
15.5495 44.1743 9.27312e-312
15.5452 44.4324 9.01848e-312
15.5478 44.6935 9.0397e-312
15.5571 44.9575 9.29434e-312
15.573 45.2241 9.0397e-312
15.5954 45.4932 9.06092e-312
15.6243 45.7646 9.31556e-312
15.6594 46.038 9.06092e-312
15.7009 46.3134 9.08214e-312
15.7484 46.5905 9.33678e-312
15.8021 46.8692 9.08214e-312
15.8617 47.1494 9.10336e-312
15.9273 47.4308 9.358e-312
15.9988 47.7135 9.10336e-312
16.076 47.9971 9.12458e-312
16.1591 48.2816 9.37922e-312
16.2478 48.5669 9.12458e-312
16.3422 48.8528 9.1458e-312
16.4423 49.1391 9.40044e-312
16.548 49.4259 9.1458e-312
16.6592 49.7129 8.91238e-312
16.776 50 9.42166e-312
16.8985 50.2871 9.16702e-312
17.0265 50.5741 9.18824e-312
17.16 50.8609 9.44288e-312
17.2991 51.1472 9.18824e-312
17.4437 51.4331 9.20946e-312
17.5938 51.7184 9.4641e-312
17.7495 52.0029 9.20946e-312
17.9108 52.2865 9.23068e-312
18.0777 52.5692 9.48532e-312
18.2501 52.8506 9.23068e-312
18.4282 53.1308 9.2519e-312
18.612 53.4095 9.50654e-312
18.8015 53.6866 9.2519e-312
18.9967 53.962 9.27312e-312
19.1976 54.2354 9.52776e-312
19.4044 54.5068 9.27312e-312
19.6169 54.7759 9.29434e-312
19.8354 55.0425 9.54898e-312
20.0597 55.3065 9.29434e-312
20.29 55.5676 9.31556e-312
20.5263 55.8257 9.5702e-312
20.7686 56.0805 9.31556e-312
21.0174 56.3315 9.33678e-312
21.2722 56.5787 9.59142e-312
21.533 56.8218 9.33678e-312
21.8 57.0607 9.358e-312
22.0729 57.2949 9.61264e-312
22.352 57.5243 9.358e-312
22.637 57.7486 9.37922e-312
22.928 57.9674 9.63386e-312
23.2254 58.1798 9.37922e-312
23.5288 58.386 9.40044e-312
23.8378 58.5857 9.65508e-312
24.1524 58.7786 9.40044e-312
24.4725 58.9644 9.16702e-312
24.7978 59.1427 9.6763e-312
25.1287 59.3122 9.42166e-312
25.4644 59.4735 9.44288e-312
25.8047 59.6263 9.69752e-312
26.1492 59.7703 9.44288e-312
26.4976 59.9053 9.4641e-312
26.85 60.0299 9.71874e-312
27.2056 60.1446 9.4641e-312
27.564 60.2495 9.48532e-312
27.9248 60.3444 9.73996e-312
28.2875 60.4293 9.48532e-312
28.6519 60.5026 9.50654e-312
29.0173 60.5655 0
29.3834 60.6181 9.50654e-312
29.7496 60.6605 0
30.1156 60.6926 9.7824e-312
30.4808 60.7135 9.52776e-312
30.845 60.7242 9.54898e-312
31.2077 60.725 9.80362e-312
31.5686 60.7161 9.54898e-312
31.9275 60.6979 9.5702e-312
32.2839 60.6704 9.82484e-312
32.6377 60.6337 9.5702e-312
32.9883 60.5877 9.59142e-312
33.3357 60.5333 9.84606e-312
33.6799 60.4708 9.59142e-312
34.0206 60.4006 9.61264e-312
34.3577 60.3228 9.86728e-312
34.6911 60.2378 9.61264e-312
35.0207 60.1459 9.63386e-312
35.3465 60.0473 9.8885e-312
35.6682 59.9424 9.63386e-312
35.986 59.8313 9.65508e-312
36.2998 59.7145 9.90972e-312
36.6096 59.5921 9.65508e-312
36.9154 59.4644 9.42166e-312
37.2172 59.3317 9.93094e-312
37.5149 59.1942 9.6763e-312
37.8087 59.0521 9.69752e-312
38.0986 58.9056 9.95216e-312
38.3846 58.755 9.69752e-312
38.6668 58.6005 9.71874e-312
38.9451 58.4422 9.97338e-312
39.2197 58.2804 9.71874e-312
39.4906 58.1151 9.73996e-312
39.7579 57.9467 9.9946e-312
40.0216 57.7752 9.73996e-312
40.2813 57.6005 9.76118e-312
40.5375 57.423 1.00158e-311
40.7902 57.2429 9.76118e-312
41.0395 57.0602 9.7824e-312
41.2855 56.8752 1.0037e-311
41.5283 56.688 9.7824e-312
41.7678 56.4987 9.80362e-312
42.0041 56.3073 1.00583e-311
42.2367 56.1136 9.80362e-312
42.4661 55.9181 9.82484e-312
42.6926 55.7209 1.00795e-311
42.9161 55.5221 9.82484e-312
43.1366 55.3218 9.84606e-312
43.3543 55.12 1.01007e-311
43.5683 54.9165 9.84606e-312
43.7796 54.7117 9.86728e-312
43.9881 54.5057 1.01219e-311
44.1939 54.2986 9.86728e-312
44.3969 54.0904 9.8885e-312
44.5968 53.8809 1.01431e-311
44.7937 53.6705 9.8885e-312
44.9881 53.4592 9.90972e-312
45.1799 53.2471 1.01644e-311
45.3692 53.0342 9.90972e-312
45.5553 52.8205 9.6763e-312
45.7388 52.606 1.01856e-311
45.9197 52.391 9.93094e-312
46.0983 52.1755 9.95216e-312
46.2743 51.9594 1.02068e-311
46.4472 51.7428 9.95216e-312
46.6176 51.5258 9.97338e-312
46.7857 51.3085 1.0228e-311
46.9515 51.0909 9.97338e-312
47.1144 50.873 9.9946e-312
47.2746 50.6549 1.02492e-311
47.4325 50.4367 9.9946e-312
47.5881 50.2184 1.00158e-311
47.7413 50 1.02705e-311
47.8914 49.7816 1.00158e-311
48.0392 49.5633 1.0037e-311
48.1846 49.3451 1.02917e-311
48.3278 49.127 1.0037e-311
48.4683 48.9091 1.00583e-311
48.606 48.6915 1.03129e-311
48.7414 48.4742 1.00583e-311
48.8745 48.2572 1.00795e-311
49.0053 48.0406 1.03341e-311
49.133 47.8245 1.00795e-311
49.2583 47.609 1.01007e-311
49.3812 47.394 1.03553e-311
49.5017 47.1795 1.01007e-311
49.6197 46.9658 1.01219e-311
49.7346 46.7529 1.03766e-311
49.8471 46.5408 1.01219e-311
49.9572 46.3295 1.01431e-311
50.0648 46.1191 1.03978e-311
50.1697 45.9096 1.01431e-311
50.2714 45.7014 1.01644e-311
50.3706 45.4943 1.0419e-311
50.4673 45.2883 1.01644e-311
50.5613 45.0835 9.93094e-312
50.6526 44.88 1.04402e-311
50.7405 44.6782 1.01856e-311
50.8257 44.4779 1.02068e-311
50.908 44.2791 1.04614e-311
50.9875 44.0819 1.02068e-311
51.0641 43.8864 1.0228e-311
51.1378 43.6927 1.04827e-311
51.2079 43.5013 1.0228e-311
51.2748 43.312 1.02492e-311
51.3387 43.1248 1.05039e-311
51.3993 42.9398 1.02492e-311
51.4566 42.7571 1.02705e-311
51.5107 42.577 1.05251e-311
51.5613 42.3995 1.02705e-311
51.6082 42.2248 1.02917e-311
51.6512 42.0533 1.05463e-311
51.6906 41.8849 1.02917e-311
51.7262 41.7196 1.03129e-311
51.758 41.5578 1.05675e-311
51.7857 41.3995 1.03129e-311
51.8095 41.245 1.03341e-311
51.829 41.0944 1.05888e-311
51.8442 40.9479 1.03341e-311
51.8551 40.8058 1.03553e-311
51.8614 40.6683 1.061e-311
51.863 40.5356 1.03553e-311
51.8599 40.4079 1.03766e-311
51.8518 40.2855 1.06312e-311
51.8387 40.1687 1.03766e-311
51.8204 40.0576 1.03978e-311
51.7968 39.9527 1.06524e-311
51.7678 39.8541 1.03978e-311
51.7332 39.7622 1.0419e-311
51.6929 39.6772 1.06736e-311
51.6468 39.5994 1.0419e-311
51.5947 39.5292 1.01856e-311
51.5367 39.4667 1.06949e-311
51.4724 39.4123 1.04402e-311
51.402 39.3663 1.04614e-311
51.3247 39.3296 1.07161e-311
51.2408 39.3021 1.04614e-311
51.1505 39.2839 1.04827e-311
51.0537 39.275 1.07373e-311
50.9504 39.2758 1.04827e-311
50.8405 39.2865 1.05039e-311
50.724 39.3074 1.07585e-311
50.6004 39.3395 1.05039e-311
50.4704 39.3819 1.05251e-311
50.3342 39.4345 1.07797e-311
50.1919 39.4974 1.05251e-311
50.0435 39.5707 1.05463e-311
49.8885 39.6556 1.0801e-311
49.7279 39.7505 1.05463e-311
49.5618 39.8554 1.05675e-311
49.3905 39.9701 1.08222e-311
49.2141 40.0947 1.05675e-311
49.0324 40.2297 1.05888e-311
48.8463 40.3737 1.08434e-311
48.6559 40.5265 1.05888e-311
48.4614 40.6878 1.061e-311
48.2632 40.8573 1.08646e-311
48.0611 41.0356 1.061e-311
47.8556 41.2214 1.06312e-311
47.6472 41.4143 1.08858e-311
47.436 41.614 1.06312e-311
47.2221 41.8202 1.06524e-311
47.0058 42.0326 1.09071e-311
46.787 42.2514 1.06524e-311
46.5663 42.4757 1.06736e-311
46.3437 42.7051 1.09283e-311
46.1193 42.9393 1.06736e-311
45.8935 43.1782 1.04402e-311
45.6661 43.4213 1.09495e-311
45.4375 43.6685 1.06949e-311
45.2077 43.9195 1.07161e-311
44.9767 44.1743 1.09707e-311
44.7448 44.4324 1.07161e-311
44.5119 44.6935 1.07373e-311
44.2783 44.9575 1.09919e-311
44.044 45.2241 1.07373e-311
43.8089 45.4932 1.07585e-311
43.5733 45.7646 1.10132e-311
43.3372 46.038 1.07585e-311
43.1006 46.3134 1.07797e-311
42.8636 46.5905 1.10344e-311
42.6261 46.8692 1.07797e-311
42.3884 47.1494 1.0801e-311
42.1503 47.4308 1.10556e-311
41.912 47.7135 1.0801e-311
41.6735 47.9971 1.08222e-311
41.4348 48.2816 1.10768e-311
41.1959 48.5669 1.08222e-311
40.9569 48.8528 1.08434e-311
40.7177 49.1391 1.1098e-311
40.4785 49.4259 1.08434e-311
40.2393 49.7129 1.08646e-311
50 6.02647e-312 2.54639e-313
50.2871 5.77183e-312 6.42285e-323
50.5741 5.79305e-312 2.122e-314
50.8609 6.04769e-312 2.75859e-313
51.1472 5.79305e-312 2.122e-314
51.4331 5.81427e-312 4.24399e-314
51.7184 6.06891e-312 2.97079e-313
52.0029 5.81427e-312 4.24399e-314
52.2865 5.83549e-312 6.36599e-314
52.5692 6.09013e-312 3.18299e-313
52.8506 5.83549e-312 6.36599e-314
53.1308 5.60207e-312 8.48798e-314
53.4095 6.11135e-312 3.39519e-313
53.6866 5.85671e-312 8.48798e-314
53.962 5.87793e-312 1.061e-313
54.2354 6.13257e-312 3.60739e-313
54.5068 1.65751e-153 1.061e-313
54.7759 3.59905e+179 1.2732e-313
55.0425 4.43802e-38 3.81959e-313
55.3065 1.0854e-71 1.2732e-313
55.5676 5.92037e-312 1.4854e-313
55.8257 6.17501e-312 4.03179e-313
56.0805 5.92037e-312 1.4854e-313
56.3315 5.94159e-312 1.6976e-313
56.5787 6.19623e-312 4.24399e-313
56.8218 5.94159e-312 1.6976e-313
57.0607 5.96281e-312 1.9098e-313
57.2949 6.21745e-312 4.45619e-313
57.5243 5.96281e-312 1.9098e-313
57.7486 5.98403e-312 2.122e-313
57.9674 6.23867e-312 4.66839e-313
58.1798 5.98403e-312 2.122e-313
58.386 6.00525e-312 2.3342e-313
58.5857 6.25989e-312 4.88059e-313
58.7786 6.00525e-312 2.3342e-313
58.9644 6.02647e-312 5.92879e-323
59.1427 6.28111e-312 5.09279e-313
59.3122 6.02647e-312 2.54639e-313
59.4735 6.04769e-312 2.75859e-313
59.6263 6.30233e-312 5.30499e-313
59.7703 6.04769e-312 2.75859e-313
59.9053 6.06891e-312 2.97079e-313
60.0299 6.32355e-312 5.51719e-313
60.1446 6.06891e-312 2.97079e-313
60.2495 6.09013e-312 3.18299e-313
60.3444 6.34477e-312 5.72939e-313
60.4293 6.09013e-312 3.18299e-313
60.5026 5.85671e-312 3.39519e-313
60.5655 6.36599e-312 5.94159e-313
60.6181 6.11135e-312 3.39519e-313
60.6605 6.13257e-312 3.60739e-313
60.6926 6.38721e-312 6.15379e-313
60.7135 6.13257e-312 3.60739e-313
60.7242 6.15379e-312 3.81959e-313
60.725 6.40843e-312 6.36599e-313
60.7161 6.15379e-312 3.81959e-313
60.6979 6.17501e-312 4.03179e-313
60.6704 6.42965e-312 6.57819e-313
60.6337 6.17501e-312 4.03179e-313
60.5877 6.19623e-312 4.24399e-313
60.5333 6.45087e-312 6.79039e-313
60.4708 6.19623e-312 4.24399e-313
60.4006 6.21745e-312 4.45619e-313
60.3228 6.47209e-312 7.00259e-313
60.2378 6.21745e-312 4.45619e-313
60.1459 6.23867e-312 4.66839e-313
60.0473 6.49331e-312 7.21479e-313
59.9424 6.23867e-312 4.66839e-313
59.8313 6.25989e-312 4.88059e-313
59.7145 6.51453e-312 7.42699e-313
59.5921 6.25989e-312 4.88059e-313
59.4644 6.28111e-312 2.54639e-313
59.3317 6.53575e-312 7.63918e-313
59.1942 6.28111e-312 5.09279e-313
59.0521 6.30233e-312 5.30499e-313
58.9056 6.55697e-312 7.85138e-313
58.755 6.30233e-312 5.30499e-313
58.6005 6.32355e-312 5.51719e-313
58.4422 6.57819e-312 8.06358e-313
58.2804 6.32355e-312 5.51719e-313
58.1151 6.34477e-312 5.72939e-313
57.9467 6.59941e-312 8.27578e-313
57.7752 6.34477e-312 5.72939e-313
57.6005 6.11135e-312 5.94159e-313
57.423 6.62063e-312 8.48798e-313
57.2429 6.36599e-312 5.94159e-313
57.0602 6.38721e-312 6.15379e-313
56.8752 6.64185e-312 8.70018e-313
56.688 6.38721e-312 6.15379e-313
56.4987 6.40843e-312 6.36599e-313
56.3073 6.66307e-312 8.91238e-313
56.1136 6.40843e-312 6.36599e-313
55.9181 6.42965e-312 6.57819e-313
55.7209 6.68429e-312 9.12458e-313
55.5221 6.42965e-312 6.57819e-313
55.3218 6.45087e-312 6.79039e-313
55.12 6.70551e-312 9.33678e-313
54.9165 6.45087e-312 6.79039e-313
54.7117 6.47209e-312 7.00259e-313
54.5057 6.72673e-312 9.54898e-313
54.2986 6.47209e-312 7.00259e-313
54.0904 6.49331e-312 7.21479e-313
53.8809 6.74795e-312 9.76118e-313
53.6705 6.49331e-312 7.21479e-313
53.4592 6.51453e-312 7.42699e-313
53.2471 6.76917e-312 9.97338e-313
53.0342 6.51453e-312 7.42699e-313
52.8205 6.53575e-312 5.09279e-313
52.606 6.79039e-312 1.01856e-312
52.391 6.53575e-312 7.63918e-313
52.1755 6.55697e-312 7.85138e-313
51.9594 6.81161e-312 1.03978e-312
51.7428 6.55697e-312 7.85138e-313
51.5258 6.57819e-312 8.06358e-313
51.3085 6.83283e-312 1.061e-312
51.0909 6.57819e-312 8.06358e-313
50.873 6.59941e-312 8.27578e-313
50.6549 6.85405e-312 1.08222e-312
50.4367 6.59941e-312 8.27578e-313
50.2184 6.36599e-312 8.48798e-313
50 6.87527e-312 1.10344e-312
49.7816 6.62063e-312 8.48798e-313
49.5633 6.64185e-312 8.70018e-313
49.3451 6.89649e-312 1.12466e-312
49.127 6.64185e-312 8.70018e-313
48.9091 6.66307e-312 8.91238e-313
48.6915 6.91771e-312 1.14588e-312
48.4742 6.66307e-312 8.91238e-313
48.2572 6.68429e-312 9.12458e-313
48.0406 6.93893e-312 1.1671e-312
47.8245 6.68429e-312 9.12458e-313
47.609 6.70551e-312 9.33678e-313
47.394 6.96015e-312 1.18832e-312
47.1795 6.70551e-312 9.33678e-313
46.9658 6.72673e-312 9.54898e-313
46.7529 6.98137e-312 1.20954e-312
46.5408 6.72673e-312 9.54898e-313
46.3295 6.74795e-312 9.76118e-313
46.1191 7.00259e-312 1.23076e-312
45.9096 6.74795e-312 9.76118e-313
45.7014 6.76917e-312 9.97338e-313
45.4943 7.02381e-312 1.25198e-312
45.2883 6.76917e-312 9.97338e-313
45.0835 6.79039e-312 7.63918e-313
44.88 7.04503e-312 1.2732e-312
44.6782 6.79039e-312 1.01856e-312
44.4779 6.81161e-312 1.03978e-312
44.2791 7.06625e-312 1.29442e-312
44.0819 6.81161e-312 1.03978e-312
43.8864 6.83283e-312 1.061e-312
43.6927 7.08747e-312 1.31564e-312
43.5013 6.83283e-312 1.061e-312
43.312 6.85405e-312 1.08222e-312
43.1248 7.10869e-312 1.33686e-312
42.9398 6.85405e-312 1.08222e-312
42.7571 6.62063e-312 1.10344e-312
42.577 7.12991e-312 1.35808e-312
42.3995 6.87527e-312 1.10344e-312
42.2248 6.89649e-312 1.12466e-312
42.0533 7.15113e-312 1.3793e-312
41.8849 6.89649e-312 1.12466e-312
41.7196 6.91771e-312 1.14588e-312
41.5578 7.17235e-312 1.40052e-312
41.3995 6.91771e-312 1.14588e-312
41.245 6.93893e-312 1.1671e-312
41.0944 7.19357e-312 1.42174e-312
40.9479 6.93893e-312 1.1671e-312
40.8058 6.96015e-312 1.18832e-312
40.6683 7.21479e-312 1.44296e-312
40.5356 6.96015e-312 1.18832e-312
40.4079 6.98137e-312 1.20954e-312
40.2855 7.23601e-312 1.46418e-312
40.1687 6.98137e-312 1.20954e-312
40.0576 7.00259e-312 1.23076e-312
39.9527 7.25723e-312 1.4854e-312
39.8541 7.00259e-312 1.23076e-312
39.7622 7.02381e-312 1.25198e-312
39.6772 7.27845e-312 1.50662e-312
39.5994 7.02381e-312 1.25198e-312
39.5292 7.04503e-312 1.01856e-312
39.4667 7.29967e-312 1.52784e-312
39.4123 7.04503e-312 1.2732e-312
39.3663 7.06625e-312 1.29442e-312
39.3296 7.32089e-312 1.54906e-312
39.3021 7.06625e-312 1.29442e-312
39.2839 7.08747e-312 1.31564e-312
39.275 7.34211e-312 1.57028e-312
39.2758 7.08747e-312 1.31564e-312
39.2865 7.10869e-312 1.33686e-312
39.3074 7.36333e-312 1.5915e-312
39.3395 7.10869e-312 1.33686e-312
39.3819 6.87527e-312 1.35808e-312
39.4345 7.38455e-312 1.61272e-312
39.4974 7.12991e-312 1.35808e-312
39.5707 7.15113e-312 1.3793e-312
39.6556 7.40577e-312 1.63394e-312
39.7505 7.15113e-312 1.3793e-312
39.8554 7.17235e-312 1.40052e-312
39.9701 7.42699e-312 1.65516e-312
40.0947 7.17235e-312 1.40052e-312
40.2297 7.19357e-312 1.42174e-312
40.3737 7.44821e-312 1.67638e-312
40.5265 7.19357e-312 1.42174e-312
40.6878 7.21479e-312 1.44296e-312
40.8573 7.46943e-312 1.6976e-312
41.0356 7.21479e-312 1.44296e-312
41.2214 7.23601e-312 1.46418e-312
41.4143 7.49065e-312 1.71882e-312
41.614 7.23601e-312 1.46418e-312
41.8202 7.25723e-312 1.4854e-312
42.0326 7.51187e-312 1.74004e-312
42.2514 7.25723e-312 1.4854e-312
42.4757 7.27845e-312 1.50662e-312
42.7051 7.53309e-312 1.76126e-312
42.9393 7.27845e-312 1.50662e-312
43.1782 7.29967e-312 1.2732e-312
43.4213 7.55431e-312 1.78248e-312
43.6685 7.29967e-312 1.52784e-312
43.9195 7.32089e-312 1.54906e-312
44.1743 7.57552e-312 1.8037e-312
44.4324 7.32089e-312 1.54906e-312
44.6935 7.34211e-312 1.57028e-312
44.9575 7.59674e-312 1.82492e-312
45.2241 7.34211e-312 1.57028e-312
45.4932 7.36333e-312 1.5915e-312
45.7646 7.61796e-312 1.84614e-312
46.038 7.36333e-312 1.5915e-312
46.3134 7.12991e-312 1.61272e-312
46.5905 7.63918e-312 1.86736e-312
46.8692 7.38455e-312 1.61272e-312
47.1494 7.40577e-312 1.63394e-312
47.4308 7.6604e-312 1.88858e-312
47.7135 7.40577e-312 1.63394e-312
47.9971 7.42699e-312 1.65516e-312
48.2816 7.68162e-312 1.9098e-312
48.5669 7.42699e-312 1.65516e-312
48.8528 7.44821e-312 1.67638e-312
49.1391 7.70284e-312 1.93102e-312
49.4259 7.44821e-312 1.67638e-312
49.7129 7.46943e-312 1.6976e-312
50 7.72406e-312 1.95224e-312
50.2871 7.46943e-312 1.6976e-312
50.5741 7.49065e-312 1.71882e-312
50.8609 7.74528e-312 1.97346e-312
51.1472 7.49065e-312 1.71882e-312
51.4331 7.51187e-312 1.74004e-312
51.7184 7.7665e-312 1.99468e-312
52.0029 7.51187e-312 1.74004e-312
52.2865 7.53309e-312 1.76126e-312
52.5692 7.78772e-312 2.0159e-312
52.8506 7.53309e-312 1.76126e-312
53.1308 7.55431e-312 1.52784e-312
53.4095 7.80894e-312 2.03712e-312
53.6866 7.55431e-312 1.78248e-312
53.962 7.57552e-312 1.8037e-312
54.2354 7.83016e-312 2.05834e-312
54.5068 7.57552e-312 1.8037e-312
54.7759 7.59674e-312 1.82492e-312
55.0425 7.85138e-312 2.07956e-312
55.3065 7.59674e-312 1.82492e-312
55.5676 7.61796e-312 1.84614e-312
55.8257 7.8726e-312 2.10078e-312
56.0805 7.61796e-312 1.84614e-312
56.3315 7.38455e-312 1.86736e-312
56.5787 7.89382e-312 2.122e-312
56.8218 7.63918e-312 1.86736e-312
57.0607 7.6604e-312 1.88858e-312
57.2949 7.91504e-312 2.14322e-312
57.5243 7.6604e-312 1.88858e-312
57.7486 7.68162e-312 1.9098e-312
57.9674 7.93626e-312 2.16444e-312
58.1798 7.68162e-312 1.9098e-312
58.386 7.70284e-312 1.93102e-312
58.5857 7.95748e-312 2.18566e-312
58.7786 7.70284e-312 1.93102e-312
58.9644 7.72406e-312 1.95224e-312
59.1427 7.9787e-312 2.20688e-312
59.3122 7.72406e-312 1.95224e-312
59.4735 7.74528e-312 1.97346e-312
59.6263 7.99992e-312 2.2281e-312
59.7703 7.74528e-312 1.97346e-312
59.9053 7.7665e-312 1.99468e-312
60.0299 8.02114e-312 2.24932e-312
60.1446 7.7665e-312 1.99468e-312
60.2495 7.78772e-312 2.0159e-312
60.3444 8.04236e-312 2.27054e-312
60.4293 7.78772e-312 2.0159e-312
60.5026 7.80894e-312 1.78248e-312
60.5655 8.06358e-312 2.29176e-312
60.6181 7.80894e-312 2.03712e-312
60.6605 7.83016e-312 2.05834e-312
60.6926 8.0848e-312 2.31298e-312
60.7135 7.83016e-312 2.05834e-312
60.7242 7.85138e-312 2.07956e-312
60.725 8.10602e-312 2.3342e-312
60.7161 7.85138e-312 2.07956e-312
60.6979 7.8726e-312 2.10078e-312
60.6704 8.12724e-312 2.35542e-312
60.6337 7.8726e-312 2.10078e-312
60.5877 7.63918e-312 2.122e-312
60.5333 8.14846e-312 2.37664e-312
60.4708 7.89382e-312 2.122e-312
60.4006 7.91504e-312 2.14322e-312
60.3228 8.16968e-312 2.39786e-312
60.2378 7.91504e-312 2.14322e-312
60.1459 7.93626e-312 2.16444e-312
60.0473 8.1909e-312 2.41908e-312
59.9424 7.93626e-312 2.16444e-312
59.8313 7.95748e-312 2.18566e-312
59.7145 8.21212e-312 2.4403e-312
59.5921 7.95748e-312 2.18566e-312
59.4644 7.9787e-312 2.20688e-312
59.3317 8.23334e-312 2.46152e-312
59.1942 7.9787e-312 2.20688e-312
59.0521 7.99992e-312 2.2281e-312
58.9056 8.25456e-312 2.48274e-312
58.755 7.99992e-312 2.2281e-312
58.6005 8.02114e-312 2.24932e-312
58.4422 8.27578e-312 2.50396e-312
58.2804 8.02114e-312 2.24932e-312
58.1151 8.04236e-312 2.27054e-312
57.9467 8.297e-312 2.52517e-312
57.7752 8.04236e-312 2.27054e-312
57.6005 8.06358e-312 2.03712e-312
57.423 8.31822e-312 2.54639e-312
57.2429 8.06358e-312 2.29176e-312
57.0602 8.0848e-312 2.31298e-312
56.8752 8.33944e-312 2.56761e-312
56.688 8.0848e-312 2.31298e-312
56.4987 8.10602e-312 2.3342e-312
56.3073 8.36066e-312 2.58883e-312
56.1136 8.10602e-312 2.3342e-312
55.9181 8.12724e-312 2.35542e-312
55.7209 8.38188e-312 2.61005e-312
55.5221 8.12724e-312 2.35542e-312
55.3218 7.89382e-312 2.37664e-312
55.12 8.4031e-312 2.63127e-312
54.9165 8.14846e-312 2.37664e-312
54.7117 8.16968e-312 2.39786e-312
54.5057 8.42432e-312 2.65249e-312
54.2986 8.16968e-312 2.39786e-312
54.0904 8.1909e-312 2.41908e-312
53.8809 8.44554e-312 2.67371e-312
53.6705 8.1909e-312 2.41908e-312
53.4592 8.21212e-312 2.4403e-312
53.2471 8.46676e-312 2.69493e-312
53.0342 8.21212e-312 2.4403e-312
52.8205 8.23334e-312 2.46152e-312
52.606 8.48798e-312 2.71615e-312
52.391 8.23334e-312 2.46152e-312
52.1755 8.25456e-312 2.48274e-312
51.9594 8.5092e-312 2.73737e-312
51.7428 8.25456e-312 2.48274e-312
51.5258 8.27578e-312 2.50396e-312
51.3085 8.53042e-312 2.75859e-312
51.0909 8.27578e-312 2.50396e-312
50.873 8.297e-312 2.52517e-312
50.6549 8.55164e-312 2.77981e-312
50.4367 8.297e-312 2.52517e-312
50.2184 8.31822e-312 2.29176e-312
50 8.57286e-312 2.80103e-312
49.7816 8.31822e-312 2.54639e-312
49.5633 8.33944e-312 2.56761e-312
49.3451 8.59408e-312 2.82225e-312
49.127 8.33944e-312 2.56761e-312
48.9091 8.36066e-312 2.58883e-312
48.6915 8.6153e-312 2.84347e-312
48.4742 8.36066e-312 2.58883e-312
48.2572 8.38188e-312 2.61005e-312
48.0406 8.63652e-312 2.86469e-312
47.8245 8.38188e-312 2.61005e-312
47.609 8.14846e-312 2.63127e-312
47.394 8.65774e-312 2.88591e-312
47.1795 8.4031e-312 2.63127e-312
46.9658 8.42432e-312 2.65249e-312
46.7529 8.67896e-312 2.90713e-312
46.5408 8.42432e-312 2.65249e-312
46.3295 8.44554e-312 2.67371e-312
46.1191 8.70018e-312 2.92835e-312
45.9096 8.44554e-312 2.67371e-312
45.7014 8.46676e-312 2.69493e-312
45.4943 8.7214e-312 2.94957e-312
45.2883 8.46676e-312 2.69493e-312
45.0835 8.48798e-312 2.71615e-312
44.88 8.74262e-312 2.97079e-312
44.6782 8.48798e-312 2.71615e-312
44.4779 8.5092e-312 2.73737e-312
44.2791 8.76384e-312 2.99201e-312
44.0819 8.5092e-312 2.73737e-312
43.8864 8.53042e-312 2.75859e-312
43.6927 8.78506e-312 3.01323e-312
43.5013 8.53042e-312 2.75859e-312
43.312 8.55164e-312 2.77981e-312
43.1248 8.80628e-312 3.03445e-312
42.9398 8.55164e-312 2.77981e-312
42.7571 8.57286e-312 2.54639e-312
42.577 8.8275e-312 3.05567e-312
42.3995 8.57286e-312 2.80103e-312
42.2248 8.59408e-312 2.82225e-312
42.0533 8.84872e-312 3.07689e-312
41.8849 8.59408e-312 2.82225e-312
41.7196 8.6153e-312 2.84347e-312
41.5578 8.86994e-312 3.09811e-312
41.3995 8.6153e-312 2.84347e-312
41.245 8.63652e-312 2.86469e-312
41.0944 8.89116e-312 3.11933e-312
40.9479 8.63652e-312 2.86469e-312
40.8058 8.4031e-312 2.88591e-312
40.6683 8.91238e-312 3.14055e-312
40.5356 8.65774e-312 2.88591e-312
40.4079 8.67896e-312 2.90713e-312
40.2855 8.9336e-312 3.16177e-312
40.1687 8.67896e-312 2.90713e-312
40.0576 8.70018e-312 2.92835e-312
39.9527 8.95482e-312 3.18299e-312
39.8541 8.70018e-312 2.92835e-312
39.7622 8.7214e-312 2.94957e-312
39.6772 8.97604e-312 3.20421e-312
39.5994 8.7214e-312 2.94957e-312
39.5292 8.74262e-312 2.97079e-312
39.4667 8.99726e-312 3.22543e-312
39.4123 8.74262e-312 2.97079e-312
39.3663 8.76384e-312 2.99201e-312
39.3296 9.01848e-312 3.24665e-312
39.3021 8.76384e-312 2.99201e-312
39.2839 8.78506e-312 3.01323e-312
39.275 9.0397e-312 3.26787e-312
39.2758 8.78506e-312 3.01323e-312
39.2865 8.80628e-312 3.03445e-312
39.3074 9.06092e-312 3.28909e-312
39.3395 8.80628e-312 3.03445e-312
39.3819 8.8275e-312 2.80103e-312
39.4345 9.08214e-312 3.31031e-312
39.4974 8.8275e-312 3.05567e-312
39.5707 8.84872e-312 3.07689e-312
39.6556 9.10336e-312 3.33153e-312
39.7505 8.84872e-312 3.07689e-312
39.8554 8.86994e-312 3.09811e-312
39.9701 9.12458e-312 3.35275e-312
40.0947 8.86994e-312 3.09811e-312
40.2297 8.89116e-312 3.11933e-312
40.3737 9.1458e-312 3.37397e-312
40.5265 8.89116e-312 3.11933e-312
40.6878 8.65774e-312 3.14055e-312
40.8573 9.16702e-312 3.39519e-312
41.0356 8.91238e-312 3.14055e-312
41.2214 8.9336e-312 3.16177e-312
41.4143 9.18824e-312 3.41641e-312
41.614 8.9336e-312 3.16177e-312
41.8202 8.95482e-312 3.18299e-312
42.0326 9.20946e-312 3.43763e-312
42.2514 8.95482e-312 3.18299e-312
42.4757 8.97604e-312 3.20421e-312
42.7051 9.23068e-312 3.45885e-312
42.9393 8.97604e-312 3.20421e-312
43.1782 8.99726e-312 3.22543e-312
43.4213 9.2519e-312 3.48007e-312
43.6685 8.99726e-312 3.22543e-312
43.9195 9.01848e-312 3.24665e-312
44.1743 9.27312e-312 3.50129e-312
44.4324 9.01848e-312 3.24665e-312
44.6935 9.0397e-312 3.26787e-312
44.9575 9.29434e-312 3.52251e-312
45.2241 9.0397e-312 3.26787e-312
45.4932 9.06092e-312 3.28909e-312
45.7646 9.31556e-312 3.54373e-312
46.038 9.06092e-312 3.28909e-312
46.3134 9.08214e-312 3.05567e-312
46.5905 9.33678e-312 3.56495e-312
46.8692 9.08214e-312 3.31031e-312
47.1494 9.10336e-312 3.33153e-312
47.4308 9.358e-312 3.58617e-312
47.7135 9.10336e-312 3.33153e-312
47.9971 9.12458e-312 3.35275e-312
48.2816 9.37922e-312 3.60739e-312
48.5669 9.12458e-312 3.35275e-312
48.8528 9.1458e-312 3.37397e-312
49.1391 9.40044e-312 3.62861e-312
49.4259 9.1458e-312 3.37397e-312
49.7129 8.91238e-312 3.39519e-312
50 9.42166e-312 3.64983e-312
50.2871 9.16702e-312 3.39519e-312
50.5741 9.18824e-312 3.41641e-312
50.8609 9.44288e-312 3.67105e-312
51.1472 9.18824e-312 3.41641e-312
51.4331 9.20946e-312 3.43763e-312
51.7184 9.4641e-312 3.69227e-312
52.0029 9.20946e-312 3.43763e-312
52.2865 9.23068e-312 3.45885e-312
52.5692 9.48532e-312 3.71349e-312
52.8506 9.23068e-312 3.45885e-312
53.1308 9.2519e-312 3.48007e-312
53.4095 9.50654e-312 3.73471e-312
53.6866 9.2519e-312 3.48007e-312
53.962 9.27312e-312 3.50129e-312
54.2354 9.52776e-312 3.75593e-312
54.5068 9.27312e-312 3.50129e-312
54.7759 9.29434e-312 3.52251e-312
55.0425 9.54898e-312 3.77715e-312
55.3065 9.29434e-312 3.52251e-312
55.5676 9.31556e-312 3.54373e-312
55.8257 9.5702e-312 3.79837e-312
56.0805 9.31556e-312 3.54373e-312
56.3315 9.33678e-312 3.31031e-312
56.5787 9.59142e-312 3.81959e-312
56.8218 9.33678e-312 3.56495e-312
57.0607 9.358e-312 3.58617e-312
57.2949 9.61264e-312 3.84081e-312
57.5243 9.358e-312 3.58617e-312
57.7486 9.37922e-312 3.60739e-312
57.9674 9.63386e-312 3.86203e-312
58.1798 9.37922e-312 3.60739e-312
58.386 9.40044e-312 3.62861e-312
58.5857 9.65508e-312 3.88325e-312
58.7786 9.40044e-312 3.62861e-312
58.9644 9.16702e-312 3.64983e-312
59.1427 9.6763e-312 3.90447e-312
59.3122 9.42166e-312 3.64983e-312
59.4735 9.44288e-312 3.67105e-312
59.6263 9.69752e-312 3.92569e-312
59.7703 9.44288e-312 3.67105e-312
59.9053 9.4641e-312 3.69227e-312
60.0299 9.71874e-312 3.94691e-312
60.1446 9.4641e-312 3.69227e-312
60.2495 9.48532e-312 3.71349e-312
60.3444 9.73996e-312 3.96813e-312
60.4293 9.48532e-312 3.71349e-312
60.5026 9.50654e-312 3.73471e-312
60.5655 0 3.98935e-312
60.6181 9.50654e-312 3.73471e-312
60.6605 0 3.75593e-312
60.6926 9.7824e-312 4.01057e-312
60.7135 9.52776e-312 3.75593e-312
60.7242 9.54898e-312 3.77715e-312
60.725 9.80362e-312 4.03179e-312
60.7161 9.54898e-312 3.77715e-312
60.6979 9.5702e-312 3.79837e-312
60.6704 9.82484e-312 4.05301e-312
60.6337 9.5702e-312 3.79837e-312
60.5877 9.59142e-312 3.56495e-312
60.5333 9.84606e-312 4.07423e-312
60.4708 9.59142e-312 3.81959e-312
60.4006 9.61264e-312 3.84081e-312
60.3228 9.86728e-312 4.09545e-312
60.2378 9.61264e-312 3.84081e-312
60.1459 9.63386e-312 3.86203e-312
60.0473 9.8885e-312 4.11667e-312
59.9424 9.63386e-312 3.86203e-312
59.8313 9.65508e-312 3.88325e-312
59.7145 9.90972e-312 4.13789e-312
59.5921 9.65508e-312 3.88325e-312
59.4644 9.42166e-312 3.90447e-312
59.3317 9.93094e-312 4.15911e-312
59.1942 9.6763e-312 3.90447e-312
59.0521 9.69752e-312 3.92569e-312
58.9056 9.95216e-312 4.18033e-312
58.755 9.69752e-312 3.92569e-312
58.6005 9.71874e-312 3.94691e-312
58.4422 9.97338e-312 4.20155e-312
58.2804 9.71874e-312 3.94691e-312
58.1151 9.73996e-312 3.96813e-312
57.9467 9.9946e-312 4.22277e-312
57.7752 9.73996e-312 3.96813e-312
57.6005 9.76118e-312 3.98935e-312
57.423 1.00158e-311 4.24399e-312
57.2429 9.76118e-312 3.98935e-312
57.0602 9.7824e-312 4.01057e-312
56.8752 1.0037e-311 4.26521e-312
56.688 9.7824e-312 4.01057e-312
56.4987 9.80362e-312 4.03179e-312
56.3073 1.00583e-311 4.28643e-312
56.1136 9.80362e-312 4.03179e-312
55.9181 9.82484e-312 4.05301e-312
55.7209 1.00795e-311 4.30765e-312
55.5221 9.82484e-312 4.05301e-312
55.3218 9.84606e-312 3.81959e-312
55.12 1.01007e-311 4.32887e-312
54.9165 9.84606e-312 4.07423e-312
54.7117 9.86728e-312 4.09545e-312
54.5057 1.01219e-311 4.35009e-312
54.2986 9.86728e-312 4.09545e-312
54.0904 9.8885e-312 4.11667e-312
53.8809 1.01431e-311 4.37131e-312
53.6705 9.8885e-312 4.11667e-312
53.4592 9.90972e-312 4.13789e-312
53.2471 1.01644e-311 4.39253e-312
53.0342 9.90972e-312 4.13789e-312
52.8205 9.6763e-312 4.15911e-312
52.606 1.01856e-311 4.41375e-312
52.391 9.93094e-312 4.15911e-312
52.1755 9.95216e-312 4.18033e-312
51.9594 1.02068e-311 4.43497e-312
51.7428 9.95216e-312 4.18033e-312
51.5258 9.97338e-312 4.20155e-312
51.3085 1.0228e-311 4.45619e-312
51.0909 9.97338e-312 4.20155e-312
50.873 9.9946e-312 4.22277e-312
50.6549 1.02492e-311 4.47741e-312
50.4367 9.9946e-312 4.22277e-312
50.2184 1.00158e-311 4.24399e-312
50 1.02705e-311 4.49863e-312
49.7816 1.00158e-311 4.24399e-312
49.5633 1.0037e-311 4.26521e-312
49.3451 1.02917e-311 4.51985e-312
49.127 1.0037e-311 4.26521e-312
48.9091 1.00583e-311 4.28643e-312
48.6915 1.03129e-311 4.54107e-312
48.4742 1.00583e-311 4.28643e-312
48.2572 1.00795e-311 4.30765e-312
48.0406 1.03341e-311 4.56229e-312
47.8245 1.00795e-311 4.30765e-312
47.609 1.01007e-311 4.07423e-312
47.394 1.03553e-311 4.58351e-312
47.1795 1.01007e-311 4.32887e-312
46.9658 1.01219e-311 4.35009e-312
46.7529 1.03766e-311 4.60473e-312
46.5408 1.01219e-311 4.35009e-312
46.3295 1.01431e-311 4.37131e-312
46.1191 1.03978e-311 4.62595e-312
45.9096 1.01431e-311 4.37131e-312
45.7014 1.01644e-311 4.39253e-312
45.4943 1.0419e-311 4.64717e-312
45.2883 1.01644e-311 4.39253e-312
45.0835 9.93094e-312 4.41375e-312
44.88 1.04402e-311 4.66839e-312
44.6782 1.01856e-311 4.41375e-312
44.4779 1.02068e-311 4.43497e-312
44.2791 1.04614e-311 4.68961e-312
44.0819 1.02068e-311 4.43497e-312
43.8864 1.0228e-311 4.45619e-312
43.6927 1.04827e-311 4.71083e-312
43.5013 1.0228e-311 4.45619e-312
43.312 1.02492e-311 4.47741e-312
43.1248 1.05039e-311 4.73205e-312
42.9398 1.02492e-311 4.47741e-312
42.7571 1.02705e-311 4.49863e-312
42.577 1.05251e-311 4.75327e-312
42.3995 1.02705e-311 4.49863e-312
42.2248 1.02917e-311 4.51985e-312
42.0533 1.05463e-311 4.77449e-312
41.8849 1.02917e-311 4.51985e-312
41.7196 1.03129e-311 4.54107e-312
41.5578 1.05675e-311 4.79571e-312
41.3995 1.03129e-311 4.54107e-312
41.245 1.03341e-311 4.56229e-312
41.0944 1.05888e-311 4.81693e-312
40.9479 1.03341e-311 4.56229e-312
40.8058 1.03553e-311 4.32887e-312
40.6683 1.061e-311 4.83815e-312
40.5356 1.03553e-311 4.58351e-312
40.4079 1.03766e-311 4.60473e-312
40.2855 1.06312e-311 4.85937e-312
40.1687 1.03766e-311 4.60473e-312
40.0576 1.03978e-311 4.62595e-312
39.9527 1.06524e-311 4.88059e-312
39.8541 1.03978e-311 4.62595e-312
39.7622 1.0419e-311 4.64717e-312
39.6772 1.06736e-311 4.90181e-312
39.5994 1.0419e-311 4.64717e-312
39.5292 1.01856e-311 4.66839e-312
39.4667 1.06949e-311 4.92303e-312
39.4123 1.04402e-311 4.66839e-312
39.3663 1.04614e-311 4.68961e-312
39.3296 1.07161e-311 4.94425e-312
39.3021 1.04614e-311 4.68961e-312
39.2839 1.04827e-311 4.71083e-312
39.275 1.07373e-311 4.96547e-312
39.2758 1.04827e-311 4.71083e-312
39.2865 1.05039e-311 4.73205e-312
39.3074 1.07585e-311 4.98669e-312
39.3395 1.05039e-311 4.73205e-312
39.3819 1.05251e-311 4.75327e-312
39.4345 1.07797e-311 5.00791e-312
39.4974 1.05251e-311 4.75327e-312
39.5707 1.05463e-311 4.77449e-312
39.6556 1.0801e-311 5.02913e-312
39.7505 1.05463e-311 4.77449e-312
39.8554 1.05675e-311 4.79571e-312
39.9701 1.08222e-311 5.05035e-312
40.0947 1.05675e-311 4.79571e-312
40.2297 1.05888e-311 4.81693e-312
40.3737 1.08434e-311 5.07157e-312
40.5265 1.05888e-311 4.81693e-312
40.6878 1.061e-311 4.58351e-312
40.8573 1.08646e-311 5.09279e-312
41.0356 1.061e-311 4.83815e-312
41.2214 1.06312e-311 4.85937e-312
41.4143 1.08858e-311 5.11401e-312
41.614 1.06312e-311 4.85937e-312
41.8202 1.06524e-311 4.88059e-312
42.0326 1.09071e-311 5.13523e-312
42.2514 1.06524e-311 4.88059e-312
42.4757 1.06736e-311 4.90181e-312
42.7051 1.09283e-311 5.15645e-312
42.9393 1.06736e-311 4.90181e-312
43.1782 1.04402e-311 4.92303e-312
43.4213 1.09495e-311 5.17767e-312
43.6685 1.06949e-311 4.92303e-312
43.9195 1.07161e-311 4.94425e-312
44.1743 1.09707e-311 5.19889e-312
44.4324 1.07161e-311 4.94425e-312
44.6935 1.07373e-311 4.96547e-312
44.9575 1.09919e-311 5.22011e-312
45.2241 1.07373e-311 4.96547e-312
45.4932 1.07585e-311 4.98669e-312
45.7646 1.10132e-311 5.24133e-312
46.038 1.07585e-311 4.98669e-312
46.3134 1.07797e-311 5.00791e-312
46.5905 1.10344e-311 5.26255e-312
46.8692 1.07797e-311 5.00791e-312
47.1494 1.0801e-311 5.02913e-312
47.4308 1.10556e-311 5.28377e-312
47.7135 1.0801e-311 5.02913e-312
47.9971 1.08222e-311 5.05035e-312
48.2816 1.10768e-311 5.30499e-312
48.5669 1.08222e-311 5.05035e-312
48.8528 1.08434e-311 5.07157e-312
49.1391 1.1098e-311 5.32621e-312
49.4259 1.08434e-311 5.07157e-312
49.7129 1.08646e-311 4.83815e-312
