720
-126.667 40 50
-126.668 40.2036 50.3054
-126.67 40.4072 50.6106
-126.675 40.6108 50.9154
-126.681 40.8143 51.2195
-126.689 41.0178 51.5228
-126.699 41.2212 51.8251
-126.71 41.4245 52.1261
-126.724 41.6277 52.4256
-126.739 41.8307 52.7235
-126.755 42.0336 53.0196
-126.774 42.2364 53.3135
-126.794 42.439 53.6052
-126.817 42.6414 53.8944
-126.841 42.8436 54.181
-126.866 43.0456 54.4646
-126.894 43.2474 54.7453
-126.923 43.4489 55.0226
-126.954 43.6501 55.2966
-126.987 43.8511 55.5669
-127.021 44.0518 55.8333
-127.057 44.2522 56.0958
-127.095 44.4522 56.3541
-127.135 44.6519 56.6081
-127.177 44.8513 56.8575
-127.22 45.0503 57.1022
-127.265 45.2489 57.3421
-127.311 45.4471 57.5769
-127.36 45.6448 57.8065
-127.41 45.8422 58.0308
-127.462 46.0391 58.2496
-127.515 46.2356 58.4627
-127.571 46.4315 58.67
-127.628 46.627 58.8714
-127.686 46.822 59.0667
-127.747 47.0165 59.2558
-127.809 47.2104 59.4385
-127.872 47.4038 59.6148
-127.938 47.5966 59.7845
-128.005 47.7888 59.9475
-128.074 47.9805 60.1036
-128.144 48.1715 60.2529
-128.216 48.3619 60.3951
-128.29 48.5517 60.5302
-128.366 48.7408 60.658
-128.443 48.9293 60.7786
-128.522 49.1171 60.8918
-128.602 49.3041 60.9975
-128.684 49.4905 61.0957
-128.768 49.6762 61.1862
-128.853 49.8611 61.2691
-128.94 50.0453 61.3443
-129.028 50.2287 61.4117
-129.118 50.4113 61.4713
-129.21 50.5931 61.523
-129.303 50.7741 61.5669
-129.398 50.9543 61.6028
-129.494 51.1337 61.6307
-129.592 51.3122 61.6507
-129.692 51.4899 61.6627
-129.793 51.6667 61.6667
-129.895 51.8426 61.6627
-129.999 52.0176 61.6507
-130.105 52.1916 61.6307
-130.212 52.3648 61.6028
-130.321 52.537 61.5669
-130.431 52.7082 61.523
-130.543 52.8785 61.4713
-130.656 53.0478 61.4117
-130.77 53.2161 61.3443
-130.886 53.3835 61.2691
-131.004 53.5497 61.1862
-131.123 53.715 61.0957
-131.243 53.8792 60.9975
-131.365 54.0424 60.8918
-131.488 54.2044 60.7786
-131.613 54.3654 60.658
-131.739 54.5253 60.5302
-131.867 54.6841 60.3951
-131.995 54.8418 60.2529
-132.126 54.9984 60.1036
-132.257 55.1538 59.9475
-132.39 55.308 59.7845
-132.524 55.4611 59.6148
-132.66 55.613 59.4385
-132.797 55.7638 59.2558
-132.935 55.9133 59.0667
-133.075 56.0616 58.8714
-133.215 56.2087 58.67
-133.357 56.3545 58.4627
-133.501 56.4992 58.2496
-133.645 56.6425 58.0308
-133.791 56.7846 57.8065
-133.938 56.9254 57.5769
-134.087 57.0649 57.3421
-134.236 57.2031 57.1022
-134.387 57.34 56.8575
-134.539 57.4756 56.6081
-134.692 57.6099 56.3541
-134.846 57.7428 56.0958
-135.002 57.8744 55.8333
-135.158 58.0046 55.5669
-135.316 58.1334 55.2966
-135.475 58.2609 55.0226
-135.635 58.3869 54.7453
-135.796 58.5116 54.4646
-135.958 58.6348 54.181
-136.121 58.7567 53.8944
-136.285 58.8771 53.6052
-136.45 58.996 53.3135
-136.617 59.1135 53.0196
-136.784 59.2296 52.7235
-136.952 59.3442 52.4256
-137.121 59.4573 52.1261
-137.292 59.569 51.8251
-137.463 59.6791 51.5228
-137.635 59.7878 51.2195
-137.808 59.8949 50.9154
-137.982 60.0006 50.6106
-138.157 60.1047 50.3054
-138.333 60.2073 50
-138.51 60.3083 49.6946
-138.688 60.4078 49.3894
-138.866 60.5057 49.0846
-139.046 60.6021 48.7805
-139.226 60.6969 48.4772
-139.407 60.7902 48.1749
-139.589 60.8818 47.8739
-139.771 60.9719 47.5744
-139.955 61.0603 47.2765
-140.139 61.1472 46.9804
-140.324 61.2324 46.6865
-140.509 61.3161 46.3948
-140.696 61.3981 46.1056
-140.883 61.4784 45.819
-141.071 61.5572 45.5354
-141.259 61.6343 45.2547
-141.448 61.7097 44.9774
-141.638 61.7835 44.7034
-141.828 61.8557 44.4331
-142.02 61.9262 44.1667
-142.211 61.995 43.9042
-142.403 62.0621 43.6459
-142.596 62.1276 43.3919
-142.79 62.1913 43.1425
-142.984 62.2534 42.8978
-143.178 62.3138 42.6579
-143.373 62.3725 42.4231
-143.568 62.4294 42.1935
-143.764 62.4847 41.9692
-143.961 62.5383 41.7504
-144.158 62.5901 41.5373
-144.355 62.6402 41.33
-144.553 62.6886 41.1286
-144.751 62.7353 40.9333
-144.95 62.7802 40.7442
-145.149 62.8234 40.5615
-145.348 62.8649 40.3852
-145.548 62.9046 40.2155
-145.748 62.9426 40.0525
-145.948 62.9788 39.8964
-146.149 63.0133 39.7471
-146.35 63.0461 39.6049
-146.551 63.077 39.4698
-146.753 63.1063 39.342
-146.954 63.1337 39.2214
-147.156 63.1594 39.1082
-147.359 63.1833 39.0025
-147.561 63.2055 38.9043
-147.764 63.2259 38.8138
-147.966 63.2445 38.7309
-148.169 63.2614 38.6557
-148.372 63.2765 38.5883
-148.576 63.2898 38.5287
-148.779 63.3014 38.477
-148.982 63.3111 38.4331
-149.186 63.3191 38.3972
-149.389 63.3253 38.3693
-149.593 63.3298 38.3493
-149.796 63.3324 38.3373
-150 63.3333 38.3333
-150.204 63.3324 38.3373
-150.407 63.3298 38.3493
-150.611 63.3253 38.3693
-150.814 63.3191 38.3972
-151.018 63.3111 38.4331
-151.221 63.3014 38.477
-151.424 63.2898 38.5287
-151.628 63.2765 38.5883
-151.831 63.2614 38.6557
-152.034 63.2445 38.7309
-152.236 63.2259 38.8138
-152.439 63.2055 38.9043
-152.641 63.1833 39.0025
-152.844 63.1594 39.1082
-153.046 63.1337 39.2214
-153.247 63.1063 39.342
-153.449 63.077 39.4698
-153.65 63.0461 39.6049
-153.851 63.0133 39.7471
-154.052 62.9788 39.8964
-154.252 62.9426 40.0525
-154.452 62.9046 40.2155
-154.652 62.8649 40.3852
-154.851 62.8234 40.5615
-155.05 62.7802 40.7442
-155.249 62.7353 40.9333
-155.447 62.6886 41.1286
-155.645 62.6402 41.33
-155.842 62.5901 41.5373
-156.039 62.5383 41.7504
-156.236 62.4847 41.9692
-156.432 62.4294 42.1935
-156.627 62.3725 42.4231
-156.822 62.3138 42.6579
-157.016 62.2534 42.8978
-157.21 62.1913 43.1425
-157.404 62.1276 43.3919
-157.597 62.0621 43.6459
-157.789 61.995 43.9042
-157.98 61.9262 44.1667
-158.172 61.8557 44.4331
-158.362 61.7835 44.7034
-158.552 61.7097 44.9774
-158.741 61.6343 45.2547
-158.929 61.5572 45.5354
-159.117 61.4784 45.819
-159.304 61.3981 46.1056
-159.491 61.3161 46.3948
-159.676 61.2324 46.6865
-159.861 61.1472 46.9804
-160.045 61.0603 47.2765
-160.229 60.9719 47.5744
-160.411 60.8818 47.8739
-160.593 60.7902 48.1749
-160.774 60.6969 48.4772
-160.954 60.6021 48.7805
-161.134 60.5057 49.0846
-161.312 60.4078 49.3894
-161.49 60.3083 49.6946
-161.667 60.2073 50
-161.843 60.1047 50.3054
-162.018 60.0006 50.6106
-162.192 59.8949 50.9154
-162.365 59.7878 51.2195
-162.537 59.6791 51.5228
-162.708 59.569 51.8251
-162.879 59.4573 52.1261
-163.048 59.3442 52.4256
-163.216 59.2296 52.7235
-163.383 59.1135 53.0196
-163.55 58.996 53.3135
-163.715 58.8771 53.6052
-163.879 58.7567 53.8944
-164.042 58.6348 54.181
-164.204 58.5116 54.4646
-164.365 58.3869 54.7453
-164.525 58.2609 55.0226
-164.684 58.1334 55.2966
-164.842 58.0046 55.5669
-164.998 57.8744 55.8333
-165.154 57.7428 56.0958
-165.308 57.6099 56.3541
-165.461 57.4756 56.6081
-165.613 57.34 56.8575
-165.764 57.2031 57.1022
-165.913 57.0649 57.3421
-166.062 56.9254 57.5769
-166.209 56.7846 57.8065
-166.355 56.6425 58.0308
-166.499 56.4992 58.2496
-166.643 56.3545 58.4627
-166.785 56.2087 58.67
-166.925 56.0616 58.8714
-167.065 55.9133 59.0667
-167.203 55.7638 59.2558
-167.34 55.613 59.4385
-167.476 55.4611 59.6148
-167.61 55.308 59.7845
-167.743 55.1538 59.9475
-167.874 54.9984 60.1036
-168.005 54.8418 60.2529
-168.133 54.6841 60.3951
-168.261 54.5253 60.5302
-168.387 54.3654 60.658
-168.512 54.2044 60.7786
-168.635 54.0424 60.8918
-168.757 53.8792 60.9975
-168.877 53.715 61.0957
-168.996 53.5497 61.1862
-169.114 53.3835 61.2691
-169.23 53.2161 61.3443
-169.344 53.0478 61.4117
-169.457 52.8785 61.4713
-169.569 52.7082 61.523
-169.679 52.537 61.5669
-169.788 52.3648 61.6028
-169.895 52.1916 61.6307
-170.001 52.0176 61.6507
-170.105 51.8426 61.6627
-170.207 51.6667 61.6667
-170.308 51.4899 61.6627
-170.408 51.3122 61.6507
-170.506 51.1337 61.6307
-170.602 50.9543 61.6028
-170.697 50.7741 61.5669
-170.79 50.5931 61.523
-170.882 50.4113 61.4713
-170.972 50.2287 61.4117
-171.06 50.0453 61.3443
-171.147 49.8611 61.2691
-171.232 49.6762 61.1862
-171.316 49.4905 61.0957
-171.398 49.3041 60.9975
-171.478 49.1171 60.8918
-171.557 48.9293 60.7786
-171.634 48.7408 60.658
-171.71 48.5517 60.5302
-171.784 48.3619 60.3951
-171.856 48.1715 60.2529
-171.926 47.9805 60.1036
-171.995 47.7888 59.9475
-172.062 47.5966 59.7845
-172.128 47.4038 59.6148
-172.191 47.2104 59.4385
-172.253 47.0165 59.2558
-172.314 46.822 59.0667
-172.372 46.627 58.8714
-172.429 46.4315 58.67
-172.485 46.2356 58.4627
-172.538 46.0391 58.2496
-172.59 45.8422 58.0308
-172.64 45.6448 57.8065
-172.689 45.4471 57.5769
-172.735 45.2489 57.3421
-172.78 45.0503 57.1022
-172.823 44.8513 56.8575
-172.865 44.6519 56.6081
-172.905 44.4522 56.3541
-172.943 44.2522 56.0958
-172.979 44.0518 55.8333
-173.013 43.8511 55.5669
-173.046 43.6501 55.2966
-173.077 43.4489 55.0226
-173.106 43.2474 54.7453
-173.134 43.0456 54.4646
-173.159 42.8436 54.181
-173.183 42.6414 53.8944
-173.206 42.439 53.6052
-173.226 42.2364 53.3135
-173.245 42.0336 53.0196
-173.261 41.8307 52.7235
-173.276 41.6277 52.4256
-173.29 41.4245 52.1261
-173.301 41.2212 51.8251
-173.311 41.0178 51.5228
-173.319 40.8143 51.2195
-173.325 40.6108 50.9154
-173.33 40.4072 50.6106
-173.332 40.2036 50.3054
-173.333 40 50
-173.332 39.7964 49.6946
-173.33 39.5928 49.3894
-173.325 39.3892 49.0846
-173.319 39.1857 48.7805
-173.311 38.9822 48.4772
-173.301 38.7788 48.1749
-173.29 38.5755 47.8739
-173.276 38.3723 47.5744
-173.261 38.1693 47.2765
-173.245 37.9664 46.9804
-173.226 37.7636 46.6865
-173.206 37.561 46.3948
-173.183 37.3586 46.1056
-173.159 37.1564 45.819
-173.134 36.9544 45.5354
-173.106 36.7526 45.2547
-173.077 36.5511 44.9774
-173.046 36.3499 44.7034
-173.013 36.1489 44.4331
-172.979 35.9482 44.1667
-172.943 35.7478 43.9042
-172.905 35.5478 43.6459
-172.865 35.3481 43.3919
-172.823 35.1487 43.1425
-172.78 34.9497 42.8978
-172.735 34.7511 42.6579
-172.689 34.5529 42.4231
-172.64 34.3552 42.1935
-172.59 34.1578 41.9692
-172.538 33.9609 41.7504
-172.485 33.7644 41.5373
-172.429 33.5685 41.33
-172.372 33.373 41.1286
-172.314 33.178 40.9333
-172.253 32.9835 40.7442
-172.191 32.7896 40.5615
-172.128 32.5962 40.3852
-172.062 32.4034 40.2155
-171.995 32.2112 40.0525
-171.926 32.0195 39.8964
-171.856 31.8285 39.7471
-171.784 31.6381 39.6049
-171.71 31.4483 39.4698
-171.634 31.2592 39.342
-171.557 31.0707 39.2214
-171.478 30.8829 39.1082
-171.398 30.6959 39.0025
-171.316 30.5095 38.9043
-171.232 30.3238 38.8138
-171.147 30.1389 38.7309
-171.06 29.9547 38.6557
-170.972 29.7713 38.5883
-170.882 29.5887 38.5287
-170.79 29.4069 38.477
-170.697 29.2259 38.4331
-170.602 29.0457 38.3972
-170.506 28.8663 38.3693
-170.408 28.6878 38.3493
-170.308 28.5101 38.3373
-170.207 28.3333 38.3333
-170.105 28.1574 38.3373
-170.001 27.9824 38.3493
-169.895 27.8084 38.3693
-169.788 27.6352 38.3972
-169.679 27.463 38.4331
-169.569 27.2918 38.477
-169.457 27.1215 38.5287
-169.344 26.9522 38.5883
-169.23 26.7839 38.6557
-169.114 26.6165 38.7309
-168.996 26.4503 38.8138
-168.877 26.285 38.9043
-168.757 26.1208 39.0025
-168.635 25.9576 39.1082
-168.512 25.7956 39.2214
-168.387 25.6346 39.342
-168.261 25.4747 39.4698
-168.133 25.3159 39.6049
-168.005 25.1582 39.7471
-167.874 25.0016 39.8964
-167.743 24.8462 40.0525
-167.61 24.692 40.2155
-167.476 24.5389 40.3852
-167.34 24.387 40.5615
-167.203 24.2362 40.7442
-167.065 24.0867 40.9333
-166.925 23.9384 41.1286
-166.785 23.7913 41.33
-166.643 23.6455 41.5373
-166.499 23.5008 41.7504
-166.355 23.3575 41.9692
-166.209 23.2154 42.1935
-166.062 23.0746 42.4231
-165.913 22.9351 42.6579
-165.764 22.7969 42.8978
-165.613 22.66 43.1425
-165.461 22.5244 43.3919
-165.308 22.3901 43.6459
-165.154 22.2572 43.9042
-164.998 22.1256 44.1667
-164.842 21.9954 44.4331
-164.684 21.8666 44.7034
-164.525 21.7391 44.9774
-164.365 21.6131 45.2547
-164.204 21.4884 45.5354
-164.042 21.3652 45.819
-163.879 21.2433 46.1056
-163.715 21.1229 46.3948
-163.55 21.004 46.6865
-163.383 20.8865 46.9804
-163.216 20.7704 47.2765
-163.048 20.6558 47.5744
-162.879 20.5427 47.8739
-162.708 20.431 48.1749
-162.537 20.3209 48.4772
-162.365 20.2122 48.7805
-162.192 20.1051 49.0846
-162.018 19.9994 49.3894
-161.843 19.8953 49.6946
-161.667 19.7927 50
-161.49 19.6917 50.3054
-161.312 19.5922 50.6106
-161.134 19.4943 50.9154
-160.954 19.3979 51.2195
-160.774 19.3031 51.5228
-160.593 19.2098 51.8251
-160.411 19.1182 52.1261
-160.229 19.0281 52.4256
-160.045 18.9397 52.7235
-159.861 18.8528 53.0196
-159.676 18.7676 53.3135
-159.491 18.6839 53.6052
-159.304 18.6019 53.8944
-159.117 18.5216 54.181
-158.929 18.4428 54.4646
-158.741 18.3657 54.7453
-158.552 18.2903 55.0226
-158.362 18.2165 55.2966
-158.172 18.1443 55.5669
-157.98 18.0738 55.8333
-157.789 18.005 56.0958
-157.597 17.9379 56.3541
-157.404 17.8724 56.6081
-157.21 17.8087 56.8575
-157.016 17.7466 57.1022
-156.822 17.6862 57.3421
-156.627 17.6275 57.5769
-156.432 17.5706 57.8065
-156.236 17.5153 58.0308
-156.039 17.4617 58.2496
-155.842 17.4099 58.4627
-155.645 17.3598 58.67
-155.447 17.3114 58.8714
-155.249 17.2647 59.0667
-155.05 17.2198 59.2558
-154.851 17.1766 59.4385
-154.652 17.1351 59.6148
-154.452 17.0954 59.7845
-154.252 17.0574 59.9475
-154.052 17.0212 60.1036
-153.851 16.9867 60.2529
-153.65 16.9539 60.3951
-153.449 16.923 60.5302
-153.247 16.8937 60.658
-153.046 16.8663 60.7786
-152.844 16.8406 60.8918
-152.641 16.8167 60.9975
-152.439 16.7945 61.0957
-152.236 16.7741 61.1862
-152.034 16.7555 61.2691
-151.831 16.7386 61.3443
-151.628 16.7235 61.4117
-151.424 16.7102 61.4713
-151.221 16.6986 61.523
-151.018 16.6889 61.5669
-150.814 16.6809 61.6028
-150.611 16.6747 61.6307
-150.407 16.6702 61.6507
-150.204 16.6676 61.6627
-150 16.6667 61.6667
-149.796 16.6676 61.6627
-149.593 16.6702 61.6507
-149.389 16.6747 61.6307
-149.186 16.6809 61.6028
-148.982 16.6889 61.5669
-148.779 16.6986 61.523
-148.576 16.7102 61.4713
-148.372 16.7235 61.4117
-148.169 16.7386 61.3443
-147.966 16.7555 61.2691
-147.764 16.7741 61.1862
-147.561 16.7945 61.0957
-147.359 16.8167 60.9975
-147.156 16.8406 60.8918
-146.954 16.8663 60.7786
-146.753 16.8937 60.658
-146.551 16.923 60.5302
-146.35 16.9539 60.3951
-146.149 16.9867 60.2529
-145.948 17.0212 60.1036
-145.748 17.0574 59.9475
-145.548 17.0954 59.7845
-145.348 17.1351 59.6148
-145.149 17.1766 59.4385
-144.95 17.2198 59.2558
-144.751 17.2647 59.0667
-144.553 17.3114 58.8714
-144.355 17.3598 58.67
-144.158 17.4099 58.4627
-143.961 17.4617 58.2496
-143.764 17.5153 58.0308
-143.568 17.5706 57.8065
-143.373 17.6275 57.5769
-143.178 17.6862 57.3421
-142.984 17.7466 57.1022
-142.79 17.8087 56.8575
-142.596 17.8724 56.6081
-142.403 17.9379 56.3541
-142.211 18.005 56.0958
-142.02 18.0738 55.8333
-141.828 18.1443 55.5669
-141.638 18.2165 55.2966
-141.448 18.2903 55.0226
-141.259 18.3657 54.7453
-141.071 18.4428 54.4646
-140.883 18.5216 54.181
-140.696 18.6019 53.8944
-140.509 18.6839 53.6052
-140.324 18.7676 53.3135
-140.139 18.8528 53.0196
-139.955 18.9397 52.7235
-139.771 19.0281 52.4256
-139.589 19.1182 52.1261
-139.407 19.2098 51.8251
-139.226 19.3031 51.5228
-139.046 19.3979 51.2195
-138.866 19.4943 50.9154
-138.688 19.5922 50.6106
-138.51 19.6917 50.3054
-138.333 19.7927 50
-138.157 19.8953 49.6946
-137.982 19.9994 49.3894
-137.808 20.1051 49.0846
-137.635 20.2122 48.7805
-137.463 20.3209 48.4772
-137.292 20.431 48.1749
-137.121 20.5427 47.8739
-136.952 20.6558 47.5744
-136.784 20.7704 47.2765
-136.617 20.8865 46.9804
-136.45 21.004 46.6865
-136.285 21.1229 46.3948
-136.121 21.2433 46.1056
-135.958 21.3652 45.819
-135.796 21.4884 45.5354
-135.635 21.6131 45.2547
-135.475 21.7391 44.9774
-135.316 21.8666 44.7034
-135.158 21.9954 44.4331
-135.002 22.1256 44.1667
-134.846 22.2572 43.9042
-134.692 22.3901 43.6459
-134.539 22.5244 43.3919
-134.387 22.66 43.1425
-134.236 22.7969 42.8978
-134.087 22.9351 42.6579
-133.938 23.0746 42.4231
-133.791 23.2154 42.1935
-133.645 23.3575 41.9692
-133.501 23.5008 41.7504
-133.357 23.6455 41.5373
-133.215 23.7913 41.33
-133.075 23.9384 41.1286
-132.935 24.0867 40.9333
-132.797 24.2362 40.7442
-132.66 24.387 40.5615
-132.524 24.5389 40.3852
-132.39 24.692 40.2155
-132.257 24.8462 40.0525
-132.126 25.0016 39.8964
-131.995 25.1582 39.7471
-131.867 25.3159 39.6049
-131.739 25.4747 39.4698
-131.613 25.6346 39.342
-131.488 25.7956 39.2214
-131.365 25.9576 39.1082
-131.243 26.1208 39.0025
-131.123 26.285 38.9043
-131.004 26.4503 38.8138
-130.886 26.6165 38.7309
-130.77 26.7839 38.6557
-130.656 26.9522 38.5883
-130.543 27.1215 38.5287
-130.431 27.2918 38.477
-130.321 27.463 38.4331
-130.212 27.6352 38.3972
-130.105 27.8084 38.3693
-129.999 27.9824 38.3493
-129.895 28.1574 38.3373
-129.793 28.3333 38.3333
-129.692 28.5101 38.3373
-129.592 28.6878 38.3493
-129.494 28.8663 38.3693
-129.398 29.0457 38.3972
-129.303 29.2259 38.4331
-129.21 29.4069 38.477
-129.118 29.5887 38.5287
-129.028 29.7713 38.5883
-128.94 29.9547 38.6557
-128.853 30.1389 38.7309
-128.768 30.3238 38.8138
-128.684 30.5095 38.9043
-128.602 30.6959 39.0025
-128.522 30.8829 39.1082
-128.443 31.0707 39.2214
-128.366 31.2592 39.342
-128.29 31.4483 39.4698
-128.216 31.6381 39.6049
-128.144 31.8285 39.7471
-128.074 32.0195 39.8964
-128.005 32.2112 40.0525
-127.938 32.4034 40.2155
-127.872 32.5962 40.3852
-127.809 32.7896 40.5615
-127.747 32.9835 40.7442
-127.686 33.178 40.9333
-127.628 33.373 41.1286
-127.571 33.5685 41.33
-127.515 33.7644 41.5373
-127.462 33.9609 41.7504
-127.41 34.1578 41.9692
-127.36 34.3552 42.1935
-127.311 34.5529 42.4231
-127.265 34.7511 42.6579
-127.22 34.9497 42.8978
-127.177 35.1487 43.1425
-127.135 35.3481 43.3919
-127.095 35.5478 43.6459
-127.057 35.7478 43.9042
-127.021 35.9482 44.1667
-126.987 36.1489 44.4331
-126.954 36.3499 44.7034
-126.923 36.5511 44.9774
-126.894 36.7526 45.2547
-126.866 36.9544 45.5354
-126.841 37.1564 45.819
-126.817 37.3586 46.1056
-126.794 37.561 46.3948
-126.774 37.7636 46.6865
-126.755 37.9664 46.9804
-126.739 38.1693 47.2765
-126.724 38.3723 47.5744
-126.71 38.5755 47.8739
-126.699 38.7788 48.1749
-126.689 38.9822 48.4772
-126.681 39.1857 48.7805
-126.675 39.3892 49.0846
-126.67 39.5928 49.3894
-126.668 39.7964 49.6946
40 50 -3.86081
40.2036 50.3054 1.3099
40.4072 50.6106 -0.652001
40.6108 50.9154 -3.85299
40.8143 51.2195 1.2917
41.0178 51.5228 -0.683114
41.2212 51.8251 -3.84515
41.4245 52.1261 1.27276
41.6277 52.4256 -0.713775
41.8307 52.7235 -3.83731
42.0336 53.0196 1.25307
42.2364 53.3135 -0.743964
42.439 53.6052 -3.82945
42.6414 53.8944 1.23266
42.8436 54.181 -0.773659
43.0456 54.4646 -3.82159
43.2474 54.7453 0
43.4489 55.0226 -0.802839
43.6501 55.2966 0
43.8511 55.5669 1.18965
44.0518 55.8333 -0.831483
44.2522 56.0958 -3.80583
44.4522 56.3541 1.16708
44.6519 56.6081 -0.859572
44.8513 56.8575 -3.79793
45.0503 57.1022 1.14382
45.2489 57.3421 -0.887086
45.4471 57.5769 -3.79003
45.6448 57.8065 1.11988
45.8422 58.0308 -0.914006
46.0391 58.2496 -3.78211
46.2356 58.4627 1.09527
46.4315 58.67 -0.940314
46.627 58.8714 -3.77418
46.822 59.0667 1.07
47.0165 59.2558 -0.965992
47.2104 59.4385 -3.76625
47.4038 59.6148 1.0441
47.5966 59.7845 -0.991023
47.7888 59.9475 -3.7583
47.9805 60.1036 1.01758
48.1715 60.2529 -1.01539
48.3619 60.3951 -3.75034
48.5517 60.5302 0.990454
48.7408 60.658 -1.03908
48.9293 60.7786 -3.74237
49.1171 60.8918 0.962745
49.3041 60.9975 -1.06209
49.4905 61.0957 -3.73439
49.6762 61.1862 0.93447
49.8611 61.2691 -1.08438
50.0453 61.3443 -3.7264
50.2287 61.4117 0.90565
50.4113 61.4713 -1.10597
50.5931 61.523 -3.7184
50.7741 61.5669 0.876302
50.9543 61.6028 -1.12682
51.1337 61.6307 -3.71039
51.3122 61.6507 0.846448
51.4899 61.6627 -1.14694
51.6667 61.6667 -3.70237
51.8426 61.6627 0.816108
52.0176 61.6507 -1.16632
52.1916 61.6307 -3.69434
52.3648 61.6028 0.785302
52.537 61.5669 -1.18494
52.7082 61.523 -3.6863
52.8785 61.4713 0.753991
53.0478 61.4117 -1.2027
53.2161 61.3443 -3.67824
53.3835 61.2691 0.722224
53.5497 61.1862 -1.21962
53.715 61.0957 -3.67018
53.8792 60.9975 0.690052
54.0424 60.8918 -1.23575
54.2044 60.7786 -3.6621
54.3654 60.658 0.657498
54.5253 60.5302 -1.25109
54.6841 60.3951 -3.65402
54.8418 60.2529 0.624583
54.9984 60.1036 -1.26563
55.1538 59.9475 -3.64592
55.308 59.7845 0.591326
55.4611 59.6148 -1.27937
55.613 59.4385 -3.63781
55.7638 59.2558 0.557679
55.9133 59.0667 -1.29213
56.0616 58.8714 -3.62969
56.2087 58.67 0.523714
56.3545 58.4627 -1.30399
56.4992 58.2496 -3.62156
56.6425 58.0308 0.489477
56.7846 57.8065 -1.31503
56.9254 57.5769 -3.61342
57.0649 57.3421 0.454989
57.2031 57.1022 -1.32525
57.34 56.8575 -3.60527
57.4756 56.6081 0.420269
57.6099 56.3541 -1.33466
57.7428 56.0958 -3.5971
57.8744 55.8333 0.385264
58.0046 55.5669 -1.34293
58.1334 55.2966 -3.58893
58.2609 55.0226 0.350074
58.3869 54.7453 -1.35035
58.5116 54.4646 -3.58074
58.6348 54.181 0.314723
58.7567 53.8944 -1.35694
58.8771 53.6052 -3.57254
58.996 53.3135 0.279229
59.1135 53.0196 -1.36271
59.2296 52.7235 -3.56433
59.3442 52.4256 0.243576
59.4573 52.1261 -1.36739
59.569 51.8251 -3.55611
59.6791 51.5228 0.207815
59.7878 51.2195 -1.37111
59.8949 50.9154 -3.54788
60.0006 50.6106 0.171983
60.1047 50.3054 -1.374
60.2073 50 -3.53963
60.3083 49.6946 0.136094
60.4078 49.3894 -1.37608
60.5057 49.0846 -3.53138
60.6021 48.7805 0.100157
60.6969 48.4772 -1.377
60.7902 48.1749 -3.52311
60.8818 47.8739 0.0642157
60.9719 47.5744 -1.37699
61.0603 47.2765 -3.51483
61.1472 46.9804 0.0282868
61.2324 46.6865 -1.37617
61.3161 46.3948 -3.50654
61.3981 46.1056 -0.00761579
61.4784 45.819 -1.37451
61.5572 45.5354 -3.49824
61.6343 45.2547 -0.0434336
61.7097 44.9774 -1.3716
61.7835 44.7034 -3.48992
61.8557 44.4331 -0.0791705
61.9262 44.1667 -1.36789
61.995 43.9042 -3.48159
62.0621 43.6459 -0.114818
62.1276 43.3919 -1.36339
62.1913 43.1425 -3.47325
62.2534 42.8978 -0.150307
62.3138 42.6579 -1.35779
62.3725 42.4231 -3.4649
62.4294 42.1935 -0.18562
62.4847 41.9692 -1.3512
62.5383 41.7504 -3.45654
62.5901 41.5373 -0.22078
62.6402 41.33 -1.34386
62.6886 41.1286 -3.44816
62.7353 40.9333 -0.255739
62.7802 40.7442 -1.3356
62.8234 40.5615 -3.43978
62.8649 40.3852 -0.290397
62.9046 40.2155 -1.32618
62.9426 40.0525 -3.43138
62.9788 39.8964 -0.324842
63.0133 39.7471 -1.31604
63.0461 39.6049 -3.42296
63.077 39.4698 -0.359056
63.1063 39.342 -1.30512
63.1337 39.2214 -3.41454
63.1594 39.1082 -0.392833
63.1833 39.0025 -1.29293
63.2055 38.9043 -3.4061
63.2259 38.8138 -0.42634
63.2445 38.7309 -1.28005
63.2614 38.6557 -3.39765
63.2765 38.5883 -0.459581
63.2898 38.5287 -1.26648
63.3014 38.477 -3.38919
63.3111 38.4331 -0.492264
63.3191 38.3972 -1.25163
63.3253 38.3693 -3.38072
63.3298 38.3493 -0.524619
63.3324 38.3373 -1.23609
63.3333 38.3333 -3.37223
63.3324 38.3373 -0.556658
63.3298 38.3493 -1.21991
63.3253 38.3693 -3.36373
63.3191 38.3972 -0.588038
63.3111 38.4331 -1.20249
63.3014 38.477 -3.35522
63.2898 38.5287 -0.619032
63.2765 38.5883 -1.18441
63.2614 38.6557 -3.34669
63.2445 38.7309 -0.649667
63.2259 38.8138 -1.16572
63.2055 38.9043 -3.33816
63.1833 39.0025 -0.679519
63.1594 39.1082 -1.14581
63.1337 39.2214 -3.3296
63.1063 39.342 -0.708954
63.077 39.4698 -1.12531
63.0461 39.6049 -3.32104
63.0133 39.7471 -0.737956
62.9788 39.8964 -1.10419
62.9426 40.0525 -3.31247
62.9046 40.2155 -0.76609
62.8649 40.3852 -1.08194
62.8234 40.5615 -3.30387
62.7802 40.7442 -0.793782
62.7353 40.9333 -1.05915
62.6886 41.1286 -3.29527
62.6402 41.33 -0.820917
62.5901 41.5373 -1.03569
62.5383 41.7504 -3.28666
62.4847 41.9692 -0.847164
62.4294 42.1935 -1.01126
62.3725 42.4231 -3.27803
62.3138 42.6579 -0.872941
62.2534 42.8978 -0.986339
62.1913 43.1425 -3.26938
62.1276 43.3919 -0.89799
62.0621 43.6459 -0.960682
61.995 43.9042 -3.26073
61.9262 44.1667 -0.922186
61.8557 44.4331 -0.934233
61.7835 44.7034 -3.25206
61.7097 44.9774 -0.945889
61.6343 45.2547 -0.907342
61.5572 45.5354 -3.24338
61.4784 45.819 -0.96864
61.3981 46.1056 -0.879639
61.3161 46.3948 -3.23468
61.2324 46.6865 -0.990638
61.1472 46.9804 -0.85135
61.0603 47.2765 -3.22597
60.9719 47.5744 -1.01212
60.8818 47.8739 -0.822663
60.7902 48.1749 -3.21725
60.6969 48.4772 -1.03237
60.6021 48.7805 -0.793097
60.5057 49.0846 -3.20851
60.4078 49.3894 -1.05204
60.3083 49.6946 -0.763152
60.2073 50 -3.19975
60.1047 50.3054 -1.07097
60.0006 50.6106 -0.732729
59.8949 50.9154 -3.19099
59.7878 51.2195 -1.08874
59.6791 51.5228 -0.701626
59.569 51.8251 -3.18221
59.4573 52.1261 -1.10596
59.3442 52.4256 -0.670219
59.2296 52.7235 -3.17342
59.1135 53.0196 -1.12211
58.996 53.3135 -0.638247
58.8771 53.6052 -3.16461
58.7567 53.8944 -1.13734
58.6348 54.181 -0.605839
58.5116 54.4646 -3.15579
58.3869 54.7453 -1.15201
58.2609 55.0226 -0.573168
58.1334 55.2966 -3.14696
58.0046 55.5669 -1.16522
57.8744 55.8333 -0.539886
57.7428 56.0958 -3.1381
57.6099 56.3541 -1.17782
57.4756 56.6081 -0.506379
57.34 56.8575 -3.12924
57.2031 57.1022 -1.18951
57.0649 57.3421 -0.472537
56.9254 57.5769 -3.12036
56.7846 57.8065 -1.19999
56.6425 58.0308 -0.438313
56.4992 58.2496 -3.11146
56.3545 58.4627 -1.20989
56.2087 58.67 -0.403917
56.0616 58.8714 -3.10256
55.9133 59.0667 -1.21843
55.7638 59.2558 -0.369161
55.613 59.4385 -3.09363
55.4611 59.6148 -1.22615
55.308 59.7845 -0.334224
55.1538 59.9475 -3.0847
54.9984 60.1036 -1.23308
54.8418 60.2529 -0.299117
54.6841 60.3951 -3.07575
54.5253 60.5302 -1.23858
54.3654 60.658 -0.263767
54.2044 60.7786 -3.06678
54.0424 60.8918 -1.2435
53.8792 60.9975 -0.228335
53.715 61.0957 -3.0578
53.5497 61.1862 -1.24713
53.3835 61.2691 -0.192747
53.2161 61.3443 -3.0488
53.0478 61.4117 -1.2498
52.8785 61.4713 -0.157087
52.7082 61.523 -3.03979
52.537 61.5669 -1.25176
52.3648 61.6028 -0.121374
52.1916 61.6307 -3.03077
52.0176 61.6507 -1.25216
51.8426 61.6627 -0.0856187
51.6667 61.6667 -3.02172
51.4899 61.6627 -1.25199
51.3122 61.6507 -0.0498684
51.1337 61.6307 -3.01267
50.9543 61.6028 -1.25056
50.7741 61.5669 -0.0141428
50.5931 61.523 -3.00359
50.4113 61.4713 -1.24811
50.2287 61.4117 0.0215133
50.0453 61.3443 -2.9945
49.8611 61.2691 -1.24499
49.6762 61.1862 0.057124
49.4905 61.0957 -2.9854
49.3041 60.9975 -1.24027
49.1171 60.8918 0.0925498
48.9293 60.7786 -2.97628
48.7408 60.658 -1.23499
48.5517 60.5302 0.127888
48.3619 60.3951 -2.96715
48.1715 60.2529 -1.22847
47.9805 60.1036 0.163022
47.7888 59.9475 -2.958
47.5966 59.7845 -1.22094
47.4038 59.6148 0.197938
47.2104 59.4385 -2.94883
47.0165 59.2558 -1.21272
46.822 59.0667 0.232709
46.627 58.8714 -2.93965
46.4315 58.67 -1.20296
46.2356 58.4627 0.267068
46.0391 58.2496 -2.93045
45.8422 58.0308 -1.19267
45.6448 57.8065 0.301262
45.4471 57.5769 -2.92124
45.2489 57.3421 -1.18112
45.0503 57.1022 0.335055
44.8513 56.8575 -2.91201
44.6519 56.6081 -1.16864
44.4522 56.3541 0.368503
44.2522 56.0958 -2.90276
44.0518 55.8333 -1.15545
43.8511 55.5669 0.401683
43.6501 55.2966 -2.8935
43.4489 55.0226 -1.14083
43.2474 54.7453 0.434249
43.0456 54.4646 -2.88422
42.8436 54.181 -1.12572
42.6414 53.8944 0.466581
42.439 53.6052 -2.87492
42.2364 53.3135 -1.10932
42.0336 53.0196 0.498285
41.8307 52.7235 -2.86561
41.6277 52.4256 -1.09214
41.4245 52.1261 0.529553
41.2212 51.8251 -2.85628
41.0178 51.5228 -1.0742
40.8143 51.2195 0.560398
40.6108 50.9154 -2.84694
40.4072 50.6106 -1.05502
40.2036 50.3054 0.590474
40 50 -2.83757
39.7964 49.6946 -1.03538
39.5928 49.3894 0.62025
39.3892 49.0846 -2.8282
39.1857 48.7805 -1.01445
38.9822 48.4772 0.649137
38.7788 48.1749 -2.8188
38.5755 47.8739 -0.99291
38.3723 47.5744 0.677549
38.1693 47.2765 -2.80938
37.9664 46.9804 -0.970564
37.7636 46.6865 0.705341
37.561 46.3948 -2.79995
37.3586 46.1056 -0.947205
37.1564 45.819 0.732268
36.9544 45.5354 -2.7905
36.7526 45.2547 -0.923431
36.5511 44.9774 0.758836
36.3499 44.7034 -2.78104
36.1489 44.4331 -0.898402
35.9482 44.1667 0.784217
35.7478 43.9042 -2.77156
35.5478 43.6459 -0.872938
35.3481 43.3919 0.809142
35.1487 43.1425 -2.76206
34.9497 42.8978 -0.846656
34.7511 42.6579 0.833212
34.5529 42.4231 -2.75254
34.3552 42.1935 -0.819602
34.1578 41.9692 0.856385
33.9609 41.7504 -2.743
33.7644 41.5373 -0.792132
33.5685 41.33 0.879077
33.373 41.1286 -2.73345
33.178 40.9333 -0.763596
32.9835 40.7442 0.900396
32.7896 40.5615 -2.72388
32.5962 40.3852 -0.73474
32.4034 40.2155 0.921263
32.2112 40.0525 -2.71429
32.0195 39.8964 0
31.8285 39.7471 1.22227e-311
31.6381 39.6049 0
31.4483 39.4698 1.24986e-311
31.2592 39.342 1.22439e-311
31.0707 39.2214 1.22651e-311
30.8829 39.1082 1.25198e-311
30.6959 39.0025 1.22651e-311
30.5095 38.9043 1.22864e-311
30.3238 38.8138 1.2541e-311
30.1389 38.7309 1.22864e-311
29.9547 38.6557 1.23076e-311
29.7713 38.5883 1.25622e-311
29.5887 38.5287 1.23076e-311
29.4069 38.477 1.23288e-311
29.2259 38.4331 1.25834e-311
29.0457 38.3972 1.23288e-311
28.8663 38.3693 1.235e-311
28.6878 38.3493 1.26047e-311
28.5101 38.3373 1.235e-311
28.3333 38.3333 1.23712e-311
28.1574 38.3373 1.26259e-311
27.9824 38.3493 1.23712e-311
27.8084 38.3693 1.23925e-311
27.6352 38.3972 1.26471e-311
27.463 38.4331 1.23925e-311
27.2918 38.477 1.24137e-311
27.1215 38.5287 1.26683e-311
26.9522 38.5883 1.24137e-311
26.7839 38.6557 1.24349e-311
26.6165 38.7309 1.26895e-311
26.4503 38.8138 1.24349e-311
26.285 38.9043 1.24561e-311
26.1208 39.0025 1.27108e-311
25.9576 39.1082 1.24561e-311
25.7956 39.2214 1.22227e-311
25.6346 39.342 1.2732e-311
25.4747 39.4698 1.24773e-311
25.3159 39.6049 1.24986e-311
25.1582 39.7471 1.27532e-311
25.0016 39.8964 1.24986e-311
24.8462 40.0525 1.25198e-311
24.692 40.2155 1.27744e-311
24.5389 40.3852 1.25198e-311
24.387 40.5615 1.2541e-311
24.2362 40.7442 1.27956e-311
24.0867 40.9333 1.2541e-311
23.9384 41.1286 1.25622e-311
23.7913 41.33 1.28169e-311
23.6455 41.5373 1.25622e-311
23.5008 41.7504 1.25834e-311
23.3575 41.9692 1.28381e-311
23.2154 42.1935 1.25834e-311
23.0746 42.4231 1.26047e-311
22.9351 42.6579 1.28593e-311
22.7969 42.8978 1.26047e-311
22.66 43.1425 1.26259e-311
22.5244 43.3919 1.28805e-311
22.3901 43.6459 1.26259e-311
22.2572 43.9042 1.26471e-311
22.1256 44.1667 1.29017e-311
21.9954 44.4331 1.26471e-311
21.8666 44.7034 1.26683e-311
21.7391 44.9774 1.2923e-311
21.6131 45.2547 1.26683e-311
21.4884 45.5354 1.26895e-311
21.3652 45.819 1.29442e-311
21.2433 46.1056 1.26895e-311
21.1229 46.3948 1.27108e-311
21.004 46.6865 1.29654e-311
20.8865 46.9804 1.27108e-311
20.7704 47.2765 1.24773e-311
20.6558 47.5744 1.29866e-311
20.5427 47.8739 1.2732e-311
20.431 48.1749 1.27532e-311
20.3209 48.4772 1.30078e-311
20.2122 48.7805 1.27532e-311
20.1051 49.0846 1.27744e-311
19.9994 49.3894 1.30291e-311
19.8953 49.6946 1.27744e-311
19.7927 50 1.27956e-311
19.6917 50.3054 1.30503e-311
19.5922 50.6106 1.27956e-311
19.4943 50.9154 1.28169e-311
19.3979 51.2195 1.30715e-311
19.3031 51.5228 1.28169e-311
19.2098 51.8251 1.28381e-311
19.1182 52.1261 1.30927e-311
19.0281 52.4256 1.28381e-311
18.9397 52.7235 1.28593e-311
18.8528 53.0196 1.31139e-311
18.7676 53.3135 1.28593e-311
18.6839 53.6052 1.28805e-311
18.6019 53.8944 1.31352e-311
18.5216 54.181 1.28805e-311
18.4428 54.4646 1.29017e-311
18.3657 54.7453 1.31564e-311
18.2903 55.0226 1.29017e-311
18.2165 55.2966 1.2923e-311
18.1443 55.5669 1.31776e-311
18.0738 55.8333 1.2923e-311
18.005 56.0958 1.29442e-311
17.9379 56.3541 1.31988e-311
17.8724 56.6081 1.29442e-311
17.8087 56.8575 1.29654e-311
17.7466 57.1022 1.322e-311
17.6862 57.3421 1.29654e-311
17.6275 57.5769 1.2732e-311
17.5706 57.8065 1.32413e-311
17.5153 58.0308 1.29866e-311
17.4617 58.2496 1.30078e-311
17.4099 58.4627 1.32625e-311
17.3598 58.67 1.30078e-311
17.3114 58.8714 1.30291e-311
17.2647 59.0667 1.32837e-311
17.2198 59.2558 1.30291e-311
17.1766 59.4385 1.30503e-311
17.1351 59.6148 1.33049e-311
17.0954 59.7845 1.30503e-311
17.0574 59.9475 1.30715e-311
17.0212 60.1036 1.33261e-311
16.9867 60.2529 1.30715e-311
16.9539 60.3951 1.30927e-311
16.923 60.5302 1.33474e-311
16.8937 60.658 1.30927e-311
16.8663 60.7786 1.31139e-311
16.8406 60.8918 1.33686e-311
16.8167 60.9975 1.31139e-311
16.7945 61.0957 1.31352e-311
16.7741 61.1862 1.33898e-311
16.7555 61.2691 1.31352e-311
16.7386 61.3443 1.31564e-311
16.7235 61.4117 1.3411e-311
16.7102 61.4713 1.31564e-311
16.6986 61.523 1.31776e-311
16.6889 61.5669 1.34322e-311
16.6809 61.6028 1.31776e-311
16.6747 61.6307 1.31988e-311
16.6702 61.6507 1.34535e-311
16.6676 61.6627 1.31988e-311
16.6667 61.6667 1.322e-311
16.6676 61.6627 1.34747e-311
16.6702 61.6507 1.322e-311
16.6747 61.6307 1.29866e-311
16.6809 61.6028 1.34959e-311
16.6889 61.5669 1.32413e-311
16.6986 61.523 1.32625e-311
16.7102 61.4713 1.35171e-311
16.7235 61.4117 1.32625e-311
16.7386 61.3443 1.32837e-311
16.7555 61.2691 1.35383e-311
16.7741 61.1862 1.32837e-311
16.7945 61.0957 1.33049e-311
16.8167 60.9975 1.35596e-311
16.8406 60.8918 1.33049e-311
16.8663 60.7786 1.33261e-311
16.8937 60.658 1.35808e-311
16.923 60.5302 1.33261e-311
16.9539 60.3951 1.33474e-311
16.9867 60.2529 1.3602e-311
17.0212 60.1036 1.33474e-311
17.0574 59.9475 1.33686e-311
17.0954 59.7845 1.36232e-311
17.1351 59.6148 1.33686e-311
17.1766 59.4385 1.33898e-311
17.2198 59.2558 1.36444e-311
17.2647 59.0667 1.33898e-311
17.3114 58.8714 1.3411e-311
17.3598 58.67 1.36657e-311
17.4099 58.4627 1.3411e-311
17.4617 58.2496 1.34322e-311
17.5153 58.0308 1.36869e-311
17.5706 57.8065 1.34322e-311
17.6275 57.5769 1.34535e-311
17.6862 57.3421 1.37081e-311
17.7466 57.1022 1.34535e-311
17.8087 56.8575 1.34747e-311
17.8724 56.6081 1.37293e-311
17.9379 56.3541 1.34747e-311
18.005 56.0958 1.32413e-311
18.0738 55.8333 1.37505e-311
18.1443 55.5669 1.34959e-311
18.2165 55.2966 1.35171e-311
18.2903 55.0226 1.37718e-311
18.3657 54.7453 1.35171e-311
18.4428 54.4646 1.35383e-311
18.5216 54.181 1.3793e-311
18.6019 53.8944 1.35383e-311
18.6839 53.6052 1.35596e-311
18.7676 53.3135 1.38142e-311
18.8528 53.0196 1.35596e-311
18.9397 52.7235 1.35808e-311
19.0281 52.4256 1.38354e-311
19.1182 52.1261 1.35808e-311
19.2098 51.8251 1.3602e-311
19.3031 51.5228 1.38566e-311
19.3979 51.2195 1.3602e-311
19.4943 50.9154 1.36232e-311
19.5922 50.6106 1.38779e-311
19.6917 50.3054 1.36232e-311
19.7927 50 1.36444e-311
19.8953 49.6946 1.38991e-311
19.9994 49.3894 1.36444e-311
20.1051 49.0846 1.36657e-311
20.2122 48.7805 1.39203e-311
20.3209 48.4772 1.36657e-311
20.431 48.1749 1.36869e-311
20.5427 47.8739 1.39415e-311
20.6558 47.5744 1.36869e-311
20.7704 47.2765 1.37081e-311
20.8865 46.9804 1.39627e-311
21.004 46.6865 1.37081e-311
21.1229 46.3948 1.37293e-311
21.2433 46.1056 1.3984e-311
21.3652 45.819 1.37293e-311
21.4884 45.5354 1.34959e-311
21.6131 45.2547 1.40052e-311
21.7391 44.9774 1.37505e-311
21.8666 44.7034 1.37718e-311
21.9954 44.4331 1.40264e-311
22.1256 44.1667 1.37718e-311
22.2572 43.9042 1.3793e-311
22.3901 43.6459 1.40476e-311
22.5244 43.3919 1.3793e-311
22.66 43.1425 1.38142e-311
22.7969 42.8978 1.40688e-311
22.9351 42.6579 1.38142e-311
23.0746 42.4231 1.38354e-311
23.2154 42.1935 1.40901e-311
23.3575 41.9692 1.38354e-311
23.5008 41.7504 1.38566e-311
23.6455 41.5373 1.41113e-311
23.7913 41.33 1.38566e-311
23.9384 41.1286 1.38779e-311
24.0867 40.9333 1.41325e-311
24.2362 40.7442 1.38779e-311
24.387 40.5615 1.38991e-311
24.5389 40.3852 1.41537e-311
24.692 40.2155 1.38991e-311
24.8462 40.0525 1.39203e-311
25.0016 39.8964 1.41749e-311
25.1582 39.7471 1.39203e-311
25.3159 39.6049 1.39415e-311
25.4747 39.4698 1.41962e-311
25.6346 39.342 1.39415e-311
25.7956 39.2214 1.39627e-311
25.9576 39.1082 1.42174e-311
26.1208 39.0025 1.39627e-311
26.285 38.9043 1.3984e-311
26.4503 38.8138 1.42386e-311
26.6165 38.7309 1.3984e-311
26.7839 38.6557 1.37505e-311
26.9522 38.5883 1.42598e-311
27.1215 38.5287 1.40052e-311
27.2918 38.477 1.40264e-311
27.463 38.4331 1.4281e-311
27.6352 38.3972 1.40264e-311
27.8084 38.3693 1.40476e-311
27.9824 38.3493 1.43023e-311
28.1574 38.3373 1.40476e-311
28.3333 38.3333 1.40688e-311
28.5101 38.3373 1.43235e-311
28.6878 38.3493 1.40688e-311
28.8663 38.3693 1.40901e-311
29.0457 38.3972 1.43447e-311
29.2259 38.4331 1.40901e-311
29.4069 38.477 1.41113e-311
29.5887 38.5287 1.43659e-311
29.7713 38.5883 1.41113e-311
29.9547 38.6557 1.41325e-311
30.1389 38.7309 1.43871e-311
30.3238 38.8138 1.41325e-311
30.5095 38.9043 1.41537e-311
30.6959 39.0025 1.44084e-311
30.8829 39.1082 1.41537e-311
31.0707 39.2214 1.41749e-311
31.2592 39.342 1.44296e-311
31.4483 39.4698 1.41749e-311
31.6381 39.6049 1.41962e-311
31.8285 39.7471 1.44508e-311
32.0195 39.8964 1.41962e-311
32.2112 40.0525 1.42174e-311
32.4034 40.2155 1.4472e-311
32.5962 40.3852 1.42174e-311
32.7896 40.5615 1.42386e-311
32.9835 40.7442 1.44932e-311
33.178 40.9333 1.42386e-311
33.373 41.1286 1.40052e-311
33.5685 41.33 1.45145e-311
33.7644 41.5373 1.42598e-311
33.9609 41.7504 1.4281e-311
34.1578 41.9692 1.45357e-311
34.3552 42.1935 1.4281e-311
34.5529 42.4231 1.43023e-311
34.7511 42.6579 1.45569e-311
34.9497 42.8978 1.43023e-311
35.1487 43.1425 1.43235e-311
35.3481 43.3919 1.45781e-311
35.5478 43.6459 1.43235e-311
35.7478 43.9042 1.43447e-311
35.9482 44.1667 1.45993e-311
36.1489 44.4331 1.43447e-311
36.3499 44.7034 1.43659e-311
36.5511 44.9774 1.46206e-311
36.7526 45.2547 1.43659e-311
36.9544 45.5354 1.43871e-311
37.1564 45.819 1.46418e-311
37.3586 46.1056 1.43871e-311
37.561 46.3948 1.44084e-311
37.7636 46.6865 1.4663e-311
37.9664 46.9804 1.44084e-311
38.1693 47.2765 1.44296e-311
38.3723 47.5744 1.46842e-311
38.5755 47.8739 1.44296e-311
38.7788 48.1749 1.44508e-311
38.9822 48.4772 1.47054e-311
39.1857 48.7805 1.44508e-311
39.3892 49.0846 1.4472e-311
39.5928 49.3894 1.47267e-311
39.7964 49.6946 1.4472e-311
50 -3.86081 1.44932e-311
50.3054 1.3099 1.47479e-311
50.6106 -0.652001 1.44932e-311
50.9154 -3.85299 1.42598e-311
51.2195 1.2917 1.47691e-311
51.5228 -0.683114 1.45145e-311
51.8251 -3.84515 1.45357e-311
52.1261 1.27276 1.47903e-311
52.4256 -0.713775 1.45357e-311
52.7235 -3.83731 1.45569e-311
53.0196 1.25307 1.48115e-311
53.3135 -0.743964 1.45569e-311
53.6052 -3.82945 1.45781e-311
53.8944 1.23266 1.48328e-311
54.181 -0.773659 1.45781e-311
54.4646 -3.82159 1.45993e-311
54.7453 0 1.4854e-311
55.0226 -0.802839 1.45993e-311
55.2966 0 1.46206e-311
55.5669 1.18965 1.48752e-311
55.8333 -0.831483 1.46206e-311
56.0958 -3.80583 1.46418e-311
56.3541 1.16708 1.48964e-311
56.6081 -0.859572 1.46418e-311
56.8575 -3.79793 1.4663e-311
57.1022 1.14382 1.49176e-311
57.3421 -0.887086 1.4663e-311
57.5769 -3.79003 1.46842e-311
57.8065 1.11988 1.49389e-311
58.0308 -0.914006 1.46842e-311
58.2496 -3.78211 1.47054e-311
58.4627 1.09527 1.49601e-311
58.67 -0.940314 1.47054e-311
58.8714 -3.77418 1.47267e-311
59.0667 1.07 1.49813e-311
59.2558 -0.965992 1.47267e-311
59.4385 -3.76625 1.47479e-311
59.6148 1.0441 1.50025e-311
59.7845 -0.991023 1.47479e-311
59.9475 -3.7583 1.45145e-311
60.1036 1.01758 1.50237e-311
60.2529 -1.01539 1.47691e-311
60.3951 -3.75034 1.47903e-311
60.5302 0.990454 1.5045e-311
60.658 -1.03908 1.47903e-311
60.7786 -3.74237 1.48115e-311
60.8918 0.962745 1.50662e-311
60.9975 -1.06209 1.48115e-311
61.0957 -3.73439 1.48328e-311
61.1862 0.93447 1.50874e-311
61.2691 -1.08438 1.48328e-311
61.3443 -3.7264 1.4854e-311
61.4117 0.90565 1.51086e-311
61.4713 -1.10597 1.4854e-311
61.523 -3.7184 1.48752e-311
61.5669 0.876302 1.51298e-311
61.6028 -1.12682 1.48752e-311
61.6307 -3.71039 1.48964e-311
61.6507 0.846448 1.5151e-311
61.6627 -1.14694 1.48964e-311
61.6667 -3.70237 1.49176e-311
61.6627 0.816108 1.51723e-311
61.6507 -1.16632 1.49176e-311
61.6307 -3.69434 1.49389e-311
61.6028 0.785302 1.51935e-311
61.5669 -1.18494 1.49389e-311
61.523 -3.6863 1.49601e-311
61.4713 0.753991 1.52147e-311
61.4117 -1.2027 1.49601e-311
61.3443 -3.67824 1.49813e-311
61.2691 0.722224 1.52359e-311
61.1862 -1.21962 1.49813e-311
61.0957 -3.67018 1.50025e-311
60.9975 0.690052 1.52571e-311
60.8918 -1.23575 1.50025e-311
60.7786 -3.6621 1.47691e-311
60.658 0.657498 1.52784e-311
60.5302 -1.25109 1.50237e-311
60.3951 -3.65402 1.5045e-311
60.2529 0.624583 1.52996e-311
60.1036 -1.26563 1.5045e-311
59.9475 -3.64592 1.50662e-311
59.7845 0.591326 1.53208e-311
59.6148 -1.27937 1.50662e-311
59.4385 -3.63781 1.50874e-311
59.2558 0.557679 1.5342e-311
59.0667 -1.29213 1.50874e-311
58.8714 -3.62969 1.51086e-311
58.67 0.523714 1.53632e-311
58.4627 -1.30399 1.51086e-311
58.2496 -3.62156 1.51298e-311
58.0308 0.489477 1.53845e-311
57.8065 -1.31503 1.51298e-311
57.5769 -3.61342 1.5151e-311
57.3421 0.454989 1.54057e-311
57.1022 -1.32525 1.5151e-311
56.8575 -3.60527 1.51723e-311
56.6081 0.420269 1.54269e-311
56.3541 -1.33466 1.51723e-311
56.0958 -3.5971 1.51935e-311
55.8333 0.385264 1.54481e-311
55.5669 -1.34293 1.51935e-311
55.2966 -3.58893 1.52147e-311
55.0226 0.350074 1.54693e-311
54.7453 -1.35035 1.52147e-311
54.4646 -3.58074 1.52359e-311
54.181 0.314723 1.54906e-311
53.8944 -1.35694 1.52359e-311
53.6052 -3.57254 1.52571e-311
53.3135 0.279229 1.55118e-311
53.0196 -1.36271 1.52571e-311
52.7235 -3.56433 1.50237e-311
52.4256 0.243576 1.5533e-311
52.1261 -1.36739 1.52784e-311
51.8251 -3.55611 1.52996e-311
51.5228 0.207815 1.55542e-311
51.2195 -1.37111 1.52996e-311
50.9154 -3.54788 1.53208e-311
50.6106 0.171983 1.55754e-311
50.3054 -1.374 1.53208e-311
50 -3.53963 1.5342e-311
49.6946 0.136094 1.55967e-311
49.3894 -1.37608 1.5342e-311
49.0846 -3.53138 1.53632e-311
48.7805 0.100157 1.56179e-311
48.4772 -1.377 1.53632e-311
48.1749 -3.52311 1.53845e-311
47.8739 0.0642157 1.56391e-311
47.5744 -1.37699 1.53845e-311
47.2765 -3.51483 1.54057e-311
46.9804 0.0282868 1.56603e-311
46.6865 -1.37617 1.54057e-311
46.3948 -3.50654 1.54269e-311
46.1056 -0.00761579 1.56815e-311
45.819 -1.37451 1.54269e-311
45.5354 -3.49824 1.54481e-311
45.2547 -0.0434336 1.57028e-311
44.9774 -1.3716 1.54481e-311
44.7034 -3.48992 1.54693e-311
44.4331 -0.0791705 1.5724e-311
44.1667 -1.36789 1.54693e-311
43.9042 -3.48159 1.54906e-311
43.6459 -0.114818 1.57452e-311
43.3919 -1.36339 1.54906e-311
43.1425 -3.47325 1.55118e-311
42.8978 -0.150307 1.57664e-311
42.6579 -1.35779 1.55118e-311
42.4231 -3.4649 1.52784e-311
42.1935 -0.18562 1.57876e-311
41.9692 -1.3512 1.5533e-311
41.7504 -3.45654 1.55542e-311
41.5373 -0.22078 1.58089e-311
41.33 -1.34386 1.55542e-311
41.1286 -3.44816 1.55754e-311
40.9333 -0.255739 1.58301e-311
40.7442 -1.3356 1.55754e-311
40.5615 -3.43978 1.55967e-311
40.3852 -0.290397 1.58513e-311
40.2155 -1.32618 1.55967e-311
40.0525 -3.43138 1.56179e-311
39.8964 -0.324842 1.58725e-311
39.7471 -1.31604 1.56179e-311
39.6049 -3.42296 1.56391e-311
39.4698 -0.359056 1.58937e-311
39.342 -1.30512 1.56391e-311
39.2214 -3.41454 1.56603e-311
39.1082 -0.392833 1.5915e-311
39.0025 -1.29293 1.56603e-311
38.9043 -3.4061 1.56815e-311
38.8138 -0.42634 1.59362e-311
38.7309 -1.28005 1.56815e-311
38.6557 -3.39765 1.57028e-311
38.5883 -0.459581 1.59574e-311
38.5287 -1.26648 1.57028e-311
38.477 -3.38919 1.5724e-311
38.4331 -0.492264 1.59786e-311
38.3972 -1.25163 1.5724e-311
38.3693 -3.38072 1.57452e-311
38.3493 -0.524619 1.59998e-311
38.3373 -1.23609 1.57452e-311
38.3333 -3.37223 1.57664e-311
38.3373 -0.556658 1.60211e-311
38.3493 -1.21991 1.57664e-311
38.3693 -3.36373 1.5533e-311
38.3972 -0.588038 1.60423e-311
38.4331 -1.20249 1.57876e-311
38.477 -3.35522 1.58089e-311
38.5287 -0.619032 1.60635e-311
38.5883 -1.18441 1.58089e-311
38.6557 -3.34669 1.58301e-311
38.7309 -0.649667 1.60847e-311
38.8138 -1.16572 1.58301e-311
38.9043 -3.33816 1.58513e-311
39.0025 -0.679519 1.61059e-311
39.1082 -1.14581 1.58513e-311
39.2214 -3.3296 1.58725e-311
39.342 -0.708954 1.61272e-311
39.4698 -1.12531 1.58725e-311
39.6049 -3.32104 1.58937e-311
39.7471 -0.737956 1.61484e-311
39.8964 -1.10419 1.58937e-311
40.0525 -3.31247 1.5915e-311
40.2155 -0.76609 1.61696e-311
40.3852 -1.08194 1.5915e-311
40.5615 -3.30387 1.59362e-311
40.7442 -0.793782 1.61908e-311
40.9333 -1.05915 1.59362e-311
41.1286 -3.29527 1.59574e-311
41.33 -0.820917 1.6212e-311
41.5373 -1.03569 1.59574e-311
41.7504 -3.28666 1.59786e-311
41.9692 -0.847164 1.62333e-311
42.1935 -1.01126 1.59786e-311
42.4231 -3.27803 1.59998e-311
42.6579 -0.872941 1.62545e-311
42.8978 -0.986339 1.59998e-311
43.1425 -3.26938 1.60211e-311
43.3919 -0.89799 1.62757e-311
43.6459 -0.960682 1.60211e-311
43.9042 -3.26073 1.57876e-311
44.1667 -0.922186 1.62969e-311
44.4331 -0.934233 1.60423e-311
44.7034 -3.25206 1.60635e-311
44.9774 -0.945889 1.63181e-311
45.2547 -0.907342 1.60635e-311
45.5354 -3.24338 1.60847e-311
45.819 -0.96864 1.63394e-311
46.1056 -0.879639 1.60847e-311
46.3948 -3.23468 1.61059e-311
46.6865 -0.990638 1.63606e-311
46.9804 -0.85135 1.61059e-311
47.2765 -3.22597 1.61272e-311
47.5744 -1.01212 1.63818e-311
47.8739 -0.822663 1.61272e-311
48.1749 -3.21725 1.61484e-311
48.4772 -1.03237 1.6403e-311
48.7805 -0.793097 1.61484e-311
49.0846 -3.20851 1.61696e-311
49.3894 -1.05204 1.64242e-311
49.6946 -0.763152 1.61696e-311
50 -3.19975 1.61908e-311
50.3054 -1.07097 1.64455e-311
50.6106 -0.732729 1.61908e-311
50.9154 -3.19099 1.6212e-311
51.2195 -1.08874 1.64667e-311
51.5228 -0.701626 1.6212e-311
51.8251 -3.18221 1.62333e-311
52.1261 -1.10596 1.64879e-311
52.4256 -0.670219 1.62333e-311
52.7235 -3.17342 1.62545e-311
53.0196 -1.12211 1.65091e-311
53.3135 -0.638247 1.62545e-311
53.6052 -3.16461 1.62757e-311
53.8944 -1.13734 1.65303e-311
54.181 -0.605839 1.62757e-311
54.4646 -3.15579 1.60423e-311
54.7453 -1.15201 1.65516e-311
55.0226 -0.573168 1.62969e-311
55.2966 -3.14696 1.63181e-311
55.5669 -1.16522 1.65728e-311
55.8333 -0.539886 1.63181e-311
56.0958 -3.1381 1.63394e-311
56.3541 -1.17782 1.6594e-311
56.6081 -0.506379 1.63394e-311
56.8575 -3.12924 1.63606e-311
57.1022 -1.18951 1.66152e-311
57.3421 -0.472537 1.63606e-311
57.5769 -3.12036 1.63818e-311
57.8065 -1.19999 1.66364e-311
58.0308 -0.438313 1.63818e-311
58.2496 -3.11146 1.6403e-311
58.4627 -1.20989 1.66577e-311
58.67 -0.403917 1.6403e-311
58.8714 -3.10256 1.64242e-311
59.0667 -1.21843 1.66789e-311
59.2558 -0.369161 1.64242e-311
59.4385 -3.09363 1.64455e-311
59.6148 -1.22615 1.67001e-311
59.7845 -0.334224 1.64455e-311
59.9475 -3.0847 1.64667e-311
60.1036 -1.23308 1.67213e-311
60.2529 -0.299117 1.64667e-311
60.3951 -3.07575 1.64879e-311
60.5302 -1.23858 1.67425e-311
60.658 -0.263767 1.64879e-311
60.7786 -3.06678 1.65091e-311
60.8918 -1.2435 1.67638e-311
60.9975 -0.228335 1.65091e-311
61.0957 -3.0578 1.65303e-311
61.1862 -1.24713 1.6785e-311
61.2691 -0.192747 1.65303e-311
61.3443 -3.0488 1.62969e-311
61.4117 -1.2498 1.68062e-311
61.4713 -0.157087 1.65516e-311
61.523 -3.03979 1.65728e-311
61.5669 -1.25176 1.68274e-311
61.6028 -0.121374 1.65728e-311
61.6307 -3.03077 1.6594e-311
61.6507 -1.25216 1.68486e-311
61.6627 -0.0856187 1.6594e-311
61.6667 -3.02172 1.66152e-311
61.6627 -1.25199 1.68699e-311
61.6507 -0.0498684 1.66152e-311
61.6307 -3.01267 1.66364e-311
61.6028 -1.25056 1.68911e-311
61.5669 -0.0141428 1.66364e-311
61.523 -3.00359 1.66577e-311
61.4713 -1.24811 1.69123e-311
61.4117 0.0215133 1.66577e-311
61.3443 -2.9945 1.66789e-311
61.2691 -1.24499 1.69335e-311
61.1862 0.057124 1.66789e-311
61.0957 -2.9854 1.67001e-311
60.9975 -1.24027 1.69547e-311
60.8918 0.0925498 1.67001e-311
60.7786 -2.97628 1.67213e-311
60.658 -1.23499 1.6976e-311
60.5302 0.127888 1.67213e-311
60.3951 -2.96715 1.67425e-311
60.2529 -1.22847 1.69972e-311
60.1036 0.163022 1.67425e-311
59.9475 -2.958 1.67638e-311
59.7845 -1.22094 1.70184e-311
59.6148 0.197938 1.67638e-311
59.4385 -2.94883 1.6785e-311
59.2558 -1.21272 1.70396e-311
59.0667 0.232709 1.6785e-311
58.8714 -2.93965 1.65516e-311
58.67 -1.20296 1.70608e-311
58.4627 0.267068 1.68062e-311
58.2496 -2.93045 1.68274e-311
58.0308 -1.19267 1.70821e-311
57.8065 0.301262 1.68274e-311
57.5769 -2.92124 1.68486e-311
57.3421 -1.18112 1.71033e-311
57.1022 0.335055 1.68486e-311
56.8575 -2.91201 1.68699e-311
56.6081 -1.16864 1.71245e-311
56.3541 0.368503 1.68699e-311
56.0958 -2.90276 1.68911e-311
55.8333 -1.15545 1.71457e-311
55.5669 0.401683 1.68911e-311
55.2966 -2.8935 1.69123e-311
55.0226 -1.14083 1.71669e-311
54.7453 0.434249 1.69123e-311
54.4646 -2.88422 1.69335e-311
54.181 -1.12572 1.71882e-311
53.8944 0.466581 1.69335e-311
53.6052 -2.87492 1.69547e-311
53.3135 -1.10932 1.72094e-311
53.0196 0.498285 1.69547e-311
52.7235 -2.86561 1.6976e-311
52.4256 -1.09214 1.72306e-311
52.1261 0.529553 1.6976e-311
51.8251 -2.85628 1.69972e-311
51.5228 -1.0742 1.72518e-311
51.2195 0.560398 1.69972e-311
50.9154 -2.84694 1.70184e-311
50.6106 -1.05502 1.7273e-311
50.3054 0.590474 1.70184e-311
50 -2.83757 1.70396e-311
49.6946 -1.03538 1.72943e-311
49.3894 0.62025 1.70396e-311
49.0846 -2.8282 1.68062e-311
48.7805 -1.01445 1.73155e-311
48.4772 0.649137 1.70608e-311
48.1749 -2.8188 1.70821e-311
47.8739 -0.99291 1.73367e-311
47.5744 0.677549 1.70821e-311
47.2765 -2.80938 1.71033e-311
46.9804 -0.970564 1.73579e-311
46.6865 0.705341 1.71033e-311
46.3948 -2.79995 1.71245e-311
46.1056 -0.947205 1.73791e-311
45.819 0.732268 1.71245e-311
45.5354 -2.7905 1.71457e-311
45.2547 -0.923431 1.74004e-311
44.9774 0.758836 1.71457e-311
44.7034 -2.78104 1.71669e-311
44.4331 -0.898402 1.74216e-311
44.1667 0.784217 1.71669e-311
43.9042 -2.77156 1.71882e-311
43.6459 -0.872938 1.74428e-311
43.3919 0.809142 1.71882e-311
43.1425 -2.76206 1.72094e-311
42.8978 -0.846656 1.7464e-311
42.6579 0.833212 1.72094e-311
42.4231 -2.75254 1.72306e-311
42.1935 -0.819602 1.74852e-311
41.9692 0.856385 1.72306e-311
41.7504 -2.743 1.72518e-311
41.5373 -0.792132 1.75065e-311
41.33 0.879077 1.72518e-311
41.1286 -2.73345 1.7273e-311
40.9333 -0.763596 1.75277e-311
40.7442 0.900396 1.7273e-311
40.5615 -2.72388 1.72943e-311
40.3852 -0.73474 1.75489e-311
40.2155 0.921263 1.72943e-311
40.0525 -2.71429 1.70608e-311
39.8964 0 1.75701e-311
39.7471 1.22227e-311 1.73155e-311
39.6049 0 1.73367e-311
39.4698 1.24986e-311 1.75913e-311
39.342 1.22439e-311 1.73367e-311
39.2214 1.22651e-311 1.73579e-311
39.1082 1.25198e-311 1.76126e-311
39.0025 1.22651e-311 1.73579e-311
38.9043 1.22864e-311 1.73791e-311
38.8138 1.2541e-311 1.76338e-311
38.7309 1.22864e-311 1.73791e-311
38.6557 1.23076e-311 1.74004e-311
38.5883 1.25622e-311 1.7655e-311
38.5287 1.23076e-311 1.74004e-311
38.477 1.23288e-311 1.74216e-311
38.4331 1.25834e-311 1.76762e-311
38.3972 1.23288e-311 1.74216e-311
38.3693 1.235e-311 1.74428e-311
38.3493 1.26047e-311 1.76974e-311
38.3373 1.235e-311 1.74428e-311
38.3333 1.23712e-311 1.7464e-311
38.3373 1.26259e-311 1.77187e-311
38.3493 1.23712e-311 1.7464e-311
38.3693 1.23925e-311 1.74852e-311
38.3972 1.26471e-311 1.77399e-311
38.4331 1.23925e-311 1.74852e-311
38.477 1.24137e-311 1.75065e-311
38.5287 1.26683e-311 1.77611e-311
38.5883 1.24137e-311 1.75065e-311
38.6557 1.24349e-311 1.75277e-311
38.7309 1.26895e-311 1.77823e-311
38.8138 1.24349e-311 1.75277e-311
38.9043 1.24561e-311 1.75489e-311
39.0025 1.27108e-311 1.78035e-311
39.1082 1.24561e-311 1.75489e-311
39.2214 1.22227e-311 1.73155e-311
39.342 1.2732e-311 1.78248e-311
39.4698 1.24773e-311 1.75701e-311
39.6049 1.24986e-311 1.75913e-311
39.7471 1.27532e-311 1.7846e-311
39.8964 1.24986e-311 1.75913e-311
40.0525 1.25198e-311 1.76126e-311
40.2155 1.27744e-311 1.78672e-311
40.3852 1.25198e-311 1.76126e-311
40.5615 1.2541e-311 1.76338e-311
40.7442 1.27956e-311 1.78884e-311
40.9333 1.2541e-311 1.76338e-311
41.1286 1.25622e-311 1.7655e-311
41.33 1.28169e-311 1.79096e-311
41.5373 1.25622e-311 1.7655e-311
41.7504 1.25834e-311 1.76762e-311
41.9692 1.28381e-311 1.79309e-311
42.1935 1.25834e-311 1.76762e-311
42.4231 1.26047e-311 1.76974e-311
42.6579 1.28593e-311 1.79521e-311
42.8978 1.26047e-311 1.76974e-311
43.1425 1.26259e-311 1.77187e-311
43.3919 1.28805e-311 1.79733e-311
43.6459 1.26259e-311 1.77187e-311
43.9042 1.26471e-311 1.77399e-311
44.1667 1.29017e-311 1.79945e-311
44.4331 1.26471e-311 1.77399e-311
44.7034 1.26683e-311 1.77611e-311
44.9774 1.2923e-311 1.80157e-311
45.2547 1.26683e-311 1.77611e-311
45.5354 1.26895e-311 1.77823e-311
45.819 1.29442e-311 1.8037e-311
46.1056 1.26895e-311 1.77823e-311
46.3948 1.27108e-311 1.78035e-311
46.6865 1.29654e-311 1.80582e-311
46.9804 1.27108e-311 1.78035e-311
47.2765 1.24773e-311 1.75701e-311
47.5744 1.29866e-311 1.80794e-311
47.8739 1.2732e-311 1.78248e-311
48.1749 1.27532e-311 1.7846e-311
48.4772 1.30078e-311 1.81006e-311
48.7805 1.27532e-311 1.7846e-311
49.0846 1.27744e-311 1.78672e-311
49.3894 1.30291e-311 1.81218e-311
49.6946 1.27744e-311 1.78672e-311
50 1.27956e-311 1.78884e-311
50.3054 1.30503e-311 1.81431e-311
50.6106 1.27956e-311 1.78884e-311
50.9154 1.28169e-311 1.79096e-311
51.2195 1.30715e-311 1.81643e-311
51.5228 1.28169e-311 1.79096e-311
51.8251 1.28381e-311 1.79309e-311
52.1261 1.30927e-311 1.81855e-311
52.4256 1.28381e-311 1.79309e-311
52.7235 1.28593e-311 1.79521e-311
53.0196 1.31139e-311 1.82067e-311
53.3135 1.28593e-311 1.79521e-311
53.6052 1.28805e-311 1.79733e-311
53.8944 1.31352e-311 1.82279e-311
54.181 1.28805e-311 1.79733e-311
54.4646 1.29017e-311 1.79945e-311
54.7453 1.31564e-311 1.82492e-311
55.0226 1.29017e-311 1.79945e-311
55.2966 1.2923e-311 1.80157e-311
55.5669 1.31776e-311 1.82704e-311
55.8333 1.2923e-311 1.80157e-311
56.0958 1.29442e-311 1.8037e-311
56.3541 1.31988e-311 1.82916e-311
56.6081 1.29442e-311 1.8037e-311
56.8575 1.29654e-311 1.80582e-311
57.1022 1.322e-311 1.83128e-311
57.3421 1.29654e-311 1.80582e-311
57.5769 1.2732e-311 1.78248e-311
57.8065 1.32413e-311 1.8334e-311
58.0308 1.29866e-311 1.80794e-311
58.2496 1.30078e-311 1.81006e-311
58.4627 1.32625e-311 1.83553e-311
58.67 1.30078e-311 1.81006e-311
58.8714 1.30291e-311 1.81218e-311
59.0667 1.32837e-311 1.83765e-311
59.2558 1.30291e-311 1.81218e-311
59.4385 1.30503e-311 1.81431e-311
59.6148 1.33049e-311 1.83977e-311
59.7845 1.30503e-311 1.81431e-311
59.9475 1.30715e-311 1.81643e-311
60.1036 1.33261e-311 1.84189e-311
60.2529 1.30715e-311 1.81643e-311
60.3951 1.30927e-311 1.81855e-311
60.5302 1.33474e-311 1.84401e-311
60.658 1.30927e-311 1.81855e-311
60.7786 1.31139e-311 1.82067e-311
60.8918 1.33686e-311 1.84614e-311
60.9975 1.31139e-311 1.82067e-311
61.0957 1.31352e-311 1.82279e-311
61.1862 1.33898e-311 1.84826e-311
61.2691 1.31352e-311 1.82279e-311
61.3443 1.31564e-311 1.82492e-311
61.4117 1.3411e-311 1.85038e-311
61.4713 1.31564e-311 1.82492e-311
61.523 1.31776e-311 1.82704e-311
61.5669 1.34322e-311 1.8525e-311
61.6028 1.31776e-311 1.82704e-311
61.6307 1.31988e-311 1.82916e-311
61.6507 1.34535e-311 1.85462e-311
61.6627 1.31988e-311 1.82916e-311
61.6667 1.322e-311 1.83128e-311
61.6627 1.34747e-311 1.85675e-311
61.6507 1.322e-311 1.83128e-311
61.6307 1.29866e-311 1.80794e-311
61.6028 1.34959e-311 1.85887e-311
61.5669 1.32413e-311 1.8334e-311
61.523 1.32625e-311 1.83553e-311
61.4713 1.35171e-311 1.86099e-311
61.4117 1.32625e-311 1.83553e-311
61.3443 1.32837e-311 1.83765e-311
61.2691 1.35383e-311 1.86311e-311
61.1862 1.32837e-311 1.83765e-311
61.0957 1.33049e-311 1.83977e-311
60.9975 1.35596e-311 1.86523e-311
60.8918 1.33049e-311 1.83977e-311
60.7786 1.33261e-311 1.84189e-311
60.658 1.35808e-311 1.86736e-311
60.5302 1.33261e-311 1.84189e-311
60.3951 1.33474e-311 1.84401e-311
60.2529 1.3602e-311 1.86948e-311
60.1036 1.33474e-311 1.84401e-311
59.9475 1.33686e-311 1.84614e-311
59.7845 1.36232e-311 1.8716e-311
59.6148 1.33686e-311 1.84614e-311
59.4385 1.33898e-311 1.84826e-311
59.2558 1.36444e-311 1.87372e-311
59.0667 1.33898e-311 1.84826e-311
58.8714 1.3411e-311 1.85038e-311
58.67 1.36657e-311 1.87584e-311
58.4627 1.3411e-311 1.85038e-311
58.2496 1.34322e-311 1.8525e-311
58.0308 1.36869e-311 1.87797e-311
57.8065 1.34322e-311 1.8525e-311
57.5769 1.34535e-311 1.85462e-311
57.3421 1.37081e-311 1.88009e-311
57.1022 1.34535e-311 1.85462e-311
56.8575 1.34747e-311 1.85675e-311
56.6081 1.37293e-311 1.88221e-311
56.3541 1.34747e-311 1.85675e-311
56.0958 1.32413e-311 1.8334e-311
55.8333 1.37505e-311 1.88433e-311
55.5669 1.34959e-311 1.85887e-311
55.2966 1.35171e-311 1.86099e-311
55.0226 1.37718e-311 1.88645e-311
54.7453 1.35171e-311 1.86099e-311
54.4646 1.35383e-311 1.86311e-311
54.181 1.3793e-311 1.88858e-311
53.8944 1.35383e-311 1.86311e-311
53.6052 1.35596e-311 1.86523e-311
53.3135 1.38142e-311 1.8907e-311
53.0196 1.35596e-311 1.86523e-311
52.7235 1.35808e-311 1.86736e-311
52.4256 1.38354e-311 1.89282e-311
52.1261 1.35808e-311 1.86736e-311
51.8251 1.3602e-311 1.86948e-311
51.5228 1.38566e-311 1.89494e-311
51.2195 1.3602e-311 1.86948e-311
50.9154 1.36232e-311 1.8716e-311
50.6106 1.38779e-311 1.89706e-311
50.3054 1.36232e-311 1.8716e-311
50 1.36444e-311 1.87372e-311
49.6946 1.38991e-311 1.89919e-311
49.3894 1.36444e-311 1.87372e-311
49.0846 1.36657e-311 1.87584e-311
48.7805 1.39203e-311 1.90131e-311
48.4772 1.36657e-311 1.87584e-311
48.1749 1.36869e-311 1.87797e-311
47.8739 1.39415e-311 1.90343e-311
47.5744 1.36869e-311 1.87797e-311
47.2765 1.37081e-311 1.88009e-311
46.9804 1.39627e-311 1.90555e-311
46.6865 1.37081e-311 1.88009e-311
46.3948 1.37293e-311 1.88221e-311
46.1056 1.3984e-311 1.90767e-311
45.819 1.37293e-311 1.88221e-311
45.5354 1.34959e-311 1.85887e-311
45.2547 1.40052e-311 1.9098e-311
44.9774 1.37505e-311 1.88433e-311
44.7034 1.37718e-311 1.88645e-311
44.4331 1.40264e-311 1.91192e-311
44.1667 1.37718e-311 1.88645e-311
43.9042 1.3793e-311 1.88858e-311
43.6459 1.40476e-311 1.91404e-311
43.3919 1.3793e-311 1.88858e-311
43.1425 1.38142e-311 1.8907e-311
42.8978 1.40688e-311 1.91616e-311
42.6579 1.38142e-311 1.8907e-311
42.4231 1.38354e-311 1.89282e-311
42.1935 1.40901e-311 1.91828e-311
41.9692 1.38354e-311 1.89282e-311
41.7504 1.38566e-311 1.89494e-311
41.5373 1.41113e-311 1.92041e-311
41.33 1.38566e-311 1.89494e-311
41.1286 1.38779e-311 1.89706e-311
40.9333 1.41325e-311 1.92253e-311
40.7442 1.38779e-311 1.89706e-311
40.5615 1.38991e-311 1.89919e-311
40.3852 1.41537e-311 1.92465e-311
40.2155 1.38991e-311 1.89919e-311
40.0525 1.39203e-311 1.90131e-311
39.8964 1.41749e-311 1.92677e-311
39.7471 1.39203e-311 1.90131e-311
39.6049 1.39415e-311 1.90343e-311
39.4698 1.41962e-311 1.92889e-311
39.342 1.39415e-311 1.90343e-311
39.2214 1.39627e-311 1.90555e-311
39.1082 1.42174e-311 1.93102e-311
39.0025 1.39627e-311 1.90555e-311
38.9043 1.3984e-311 1.90767e-311
38.8138 1.42386e-311 1.93314e-311
38.7309 1.3984e-311 1.90767e-311
38.6557 1.37505e-311 1.88433e-311
38.5883 1.42598e-311 1.93526e-311
38.5287 1.40052e-311 1.9098e-311
38.477 1.40264e-311 1.91192e-311
38.4331 1.4281e-311 1.93738e-311
38.3972 1.40264e-311 1.91192e-311
38.3693 1.40476e-311 1.91404e-311
38.3493 1.43023e-311 1.9395e-311
38.3373 1.40476e-311 1.91404e-311
38.3333 1.40688e-311 1.91616e-311
38.3373 1.43235e-311 1.94163e-311
38.3493 1.40688e-311 1.91616e-311
38.3693 1.40901e-311 1.91828e-311
38.3972 1.43447e-311 1.94375e-311
38.4331 1.40901e-311 1.91828e-311
38.477 1.41113e-311 1.92041e-311
38.5287 1.43659e-311 1.94587e-311
38.5883 1.41113e-311 1.92041e-311
38.6557 1.41325e-311 1.92253e-311
38.7309 1.43871e-311 1.94799e-311
38.8138 1.41325e-311 1.92253e-311
38.9043 1.41537e-311 1.92465e-311
39.0025 1.44084e-311 1.95011e-311
39.1082 1.41537e-311 1.92465e-311
39.2214 1.41749e-311 1.92677e-311
39.342 1.44296e-311 1.95224e-311
39.4698 1.41749e-311 1.92677e-311
39.6049 1.41962e-311 1.92889e-311
39.7471 1.44508e-311 1.95436e-311
39.8964 1.41962e-311 1.92889e-311
40.0525 1.42174e-311 1.93102e-311
40.2155 1.4472e-311 1.95648e-311
40.3852 1.42174e-311 1.93102e-311
40.5615 1.42386e-311 1.93314e-311
40.7442 1.44932e-311 1.9586e-311
40.9333 1.42386e-311 1.93314e-311
41.1286 1.40052e-311 1.9098e-311
41.33 1.45145e-311 1.96072e-311
41.5373 1.42598e-311 1.93526e-311
41.7504 1.4281e-311 1.93738e-311
41.9692 1.45357e-311 1.96285e-311
42.1935 1.4281e-311 1.93738e-311
42.4231 1.43023e-311 1.9395e-311
42.6579 1.45569e-311 1.96497e-311
42.8978 1.43023e-311 1.9395e-311
43.1425 1.43235e-311 1.94163e-311
43.3919 1.45781e-311 1.96709e-311
43.6459 1.43235e-311 1.94163e-311
43.9042 1.43447e-311 1.94375e-311
44.1667 1.45993e-311 1.96921e-311
44.4331 1.43447e-311 1.94375e-311
44.7034 1.43659e-311 1.94587e-311
44.9774 1.46206e-311 1.97133e-311
45.2547 1.43659e-311 1.94587e-311
45.5354 1.43871e-311 1.94799e-311
45.819 1.46418e-311 1.97346e-311
46.1056 1.43871e-311 1.94799e-311
46.3948 1.44084e-311 1.95011e-311
46.6865 1.4663e-311 1.97558e-311
46.9804 1.44084e-311 1.95011e-311
47.2765 1.44296e-311 1.95224e-311
47.5744 1.46842e-311 1.9777e-311
47.8739 1.44296e-311 1.95224e-311
48.1749 1.44508e-311 1.95436e-311
48.4772 1.47054e-311 1.97982e-311
48.7805 1.44508e-311 1.95436e-311
49.0846 1.4472e-311 1.95648e-311
49.3894 1.47267e-311 1.98194e-311
49.6946 1.4472e-311 1.95648e-311
