720
-126.186 40 50
-126.194 39.8964 50.249
-126.215 39.7933 50.4974
-126.253 39.6916 50.7444
-126.304 39.5915 50.9898
-126.37 39.4941 51.2326
-126.448 39.3993 51.4728
-126.54 39.3082 51.7095
-126.643 39.2206 51.9427
-126.759 39.1371 52.1719
-126.885 39.0582 52.3967
-127.021 38.9836 52.6175
-127.168 38.9142 52.8333
-127.322 38.8496 53.0446
-127.485 38.7897 53.2514
-127.656 38.7355 53.453
-127.834 38.6863 53.65
-128.017 38.6421 53.8425
-128.207 38.603 54.0304
-128.403 38.5695 54.2131
-128.603 38.541 54.3915
-128.808 38.5175 54.5655
-129.017 38.4988 54.7352
-129.23 38.4851 54.9006
-129.446 38.4765 55.0616
-129.666 38.4728 55.2184
-129.888 38.4739 55.3712
-130.113 38.4795 55.5201
-130.34 38.4897 55.6653
-130.57 38.5044 55.8066
-130.801 38.5235 55.9444
-131.034 38.547 56.0785
-131.268 38.5747 56.2092
-131.504 38.6067 56.3364
-131.741 38.6428 56.4603
-131.979 38.683 56.581
-132.218 38.7272 56.6984
-132.457 38.7753 56.8128
-132.698 38.8272 56.9241
-132.938 38.8829 57.0324
-133.18 38.9424 57.1379
-133.421 39.0055 57.2404
-133.663 39.0721 57.3402
-133.904 39.1423 57.4373
-134.146 39.216 57.5317
-134.388 39.293 57.6235
-134.63 39.3733 57.7128
-134.871 39.4571 57.7994
-135.112 39.5443 57.8833
-135.353 39.6347 57.9649
-135.594 39.7283 58.044
-135.833 39.8248 58.1208
-136.073 39.9244 58.1953
-136.312 40.027 58.2676
-136.55 40.1324 58.3377
-136.788 40.2409 58.4054
-137.025 40.3526 58.4706
-137.261 40.467 58.5338
-137.496 40.5842 58.5949
-137.73 40.704 58.654
-137.964 40.8264 58.711
-138.197 40.9516 58.7659
-138.428 41.0798 58.8185
-138.659 41.2105 58.8691
-138.888 41.3437 58.9178
-139.117 41.4794 58.9647
-139.344 41.6174 59.0096
-139.57 41.7583 59.0523
-139.795 41.9017 59.093
-140.019 42.0474 59.1319
-140.242 42.1953 59.169
-140.463 42.3454 59.2043
-140.683 42.4982 59.2375
-140.901 42.6534 59.2688
-141.119 42.8108 59.2983
-141.335 42.9702 59.3261
-141.549 43.1317 59.3521
-141.762 43.2958 59.376
-141.973 43.462 59.3981
-142.183 43.6302 59.4185
-142.392 43.8004 59.4372
-142.599 43.9726 59.4543
-142.804 44.1473 59.4691
-143.008 44.3238 59.4822
-143.21 44.5022 59.4937
-143.411 44.6825 59.5036
-143.609 44.8649 59.5115
-143.806 45.0493 59.5175
-144.001 45.2356 59.5219
-144.195 45.4235 59.5247
-144.387 45.6131 59.5258
-144.577 45.8051 59.5247
-144.764 45.9987 59.5219
-144.951 46.1939 59.5175
-145.135 46.3908 59.5115
-145.318 46.5895 59.5036
-145.498 46.79 59.4937
-145.676 46.9921 59.4822
-145.853 47.1958 59.4691
-146.027 47.4009 59.4543
-146.2 47.608 59.4372
-146.37 47.8165 59.4185
-146.538 48.0265 59.3981
-146.704 48.2379 59.376
-146.868 48.4508 59.3521
-147.03 48.6654 59.3261
-147.189 48.8813 59.2983
-147.347 49.0985 59.2688
-147.502 49.317 59.2375
-147.655 49.537 59.2043
-147.805 49.7584 59.169
-147.953 49.981 59.1319
-148.098 50.2047 59.093
-148.242 50.4296 59.0523
-148.383 50.6558 59.0096
-148.521 50.8833 58.9647
-148.656 51.1118 58.9178
-148.789 51.3413 58.8691
-148.92 51.5719 58.8185
-149.048 51.8034 58.7659
-149.174 52.0361 58.711
-149.296 52.2697 58.654
-149.416 52.5041 58.5949
-149.533 52.7394 58.5338
-149.647 52.9755 58.4706
-149.759 53.2123 58.4054
-149.868 53.4499 58.3377
-149.973 53.6882 58.2676
-150.076 53.9271 58.1953
-150.175 54.1665 58.1208
-150.272 54.4065 58.044
-150.365 54.6469 57.9649
-150.456 54.8877 57.8833
-150.543 55.1288 57.7994
-150.627 55.3703 57.7128
-150.707 55.6119 57.6235
-150.784 55.8537 57.5317
-150.858 56.0955 57.4373
-150.928 56.3373 57.3402
-150.995 56.579 57.2404
-151.058 56.8204 57.1379
-151.117 57.0616 57.0324
-151.173 57.3023 56.9241
-151.225 57.5426 56.8128
-151.273 57.7822 56.6984
-151.317 58.0211 56.581
-151.357 58.2591 56.4603
-151.393 58.496 56.3364
-151.425 58.7318 56.2092
-151.453 58.9662 56.0785
-151.476 59.1992 55.9444
-151.496 59.4304 55.8066
-151.51 59.6598 55.6653
-151.52 59.887 55.5201
-151.526 60.112 55.3712
-151.527 60.3343 55.2184
-151.523 60.5539 55.0616
-151.515 60.7703 54.9006
-151.501 60.983 54.7352
-151.483 61.1919 54.5655
-151.459 61.3968 54.3915
-151.43 61.5972 54.2131
-151.397 61.7929 54.0304
-151.358 61.9826 53.8425
-151.314 62.1664 53.65
-151.265 62.3441 53.453
-151.21 62.515 53.2514
-151.15 62.6776 53.0446
-151.086 62.8325 52.8333
-151.016 62.9788 52.6175
-150.942 63.1148 52.3967
-150.863 63.2413 52.1719
-150.779 63.3565 51.9427
-150.692 63.4602 51.7095
-150.601 63.5521 51.4728
-150.506 63.6304 51.2326
-150.408 63.6963 50.9898
-150.308 63.7469 50.7444
-150.207 63.7847 50.4974
-150.104 63.8062 50.249
-150 63.8145 50
-149.896 63.8062 49.751
-149.793 63.7847 49.5026
-149.692 63.7469 49.2556
-149.592 63.6963 49.0102
-149.494 63.6304 48.7674
-149.399 63.5521 48.5272
-149.308 63.4602 48.2905
-149.221 63.3565 48.0573
-149.137 63.2413 47.8281
-149.058 63.1148 47.6033
-148.984 62.9788 47.3825
-148.914 62.8325 47.1667
-148.85 62.6776 46.9554
-148.79 62.515 46.7486
-148.735 62.3441 46.547
-148.686 62.1664 46.35
-148.642 61.9826 46.1575
-148.603 61.7929 45.9696
-148.57 61.5972 45.7869
-148.541 61.3968 45.6085
-148.517 61.1919 45.4345
-148.499 60.983 45.2648
-148.485 60.7703 45.0994
-148.477 60.5539 44.9384
-148.473 60.3343 44.7816
-148.474 60.112 44.6288
-148.48 59.887 44.4799
-148.49 59.6598 44.3347
-148.504 59.4304 44.1934
-148.524 59.1992 44.0556
-148.547 58.9662 43.9215
-148.575 58.7318 43.7908
-148.607 58.496 43.6636
-148.643 58.2591 43.5397
-148.683 58.0211 43.419
-148.727 57.7822 43.3016
-148.775 57.5426 43.1872
-148.827 57.3023 43.0759
-148.883 57.0616 42.9676
-148.942 56.8204 42.8621
-149.005 56.579 42.7596
-149.072 56.3373 42.6598
-149.142 56.0955 42.5627
-149.216 55.8537 42.4683
-149.293 55.6119 42.3765
-149.373 55.3703 42.2872
-149.457 55.1288 42.2006
-149.544 54.8877 42.1167
-149.635 54.6469 42.0351
-149.728 54.4065 41.956
-149.825 54.1665 41.8792
-149.924 53.9271 41.8047
-150.027 53.6882 41.7324
-150.132 53.4499 41.6623
-150.241 53.2123 41.5946
-150.353 52.9755 41.5294
-150.467 52.7394 41.4662
-150.584 52.5041 41.4051
-150.704 52.2697 41.346
-150.826 52.0361 41.289
-150.952 51.8034 41.2341
-151.08 51.5719 41.1815
-151.211 51.3413 41.1309
-151.344 51.1118 41.0822
-151.479 50.8833 41.0353
-151.617 50.6558 40.9904
-151.758 50.4296 40.9477
-151.902 50.2047 40.907
-152.047 49.981 40.8681
-152.195 49.7584 40.831
-152.345 49.537 40.7957
-152.498 49.317 40.7625
-152.653 49.0985 40.7312
-152.811 48.8813 40.7017
-152.97 48.6654 40.6739
-153.132 48.4508 40.6479
-153.296 48.2379 40.624
-153.462 48.0265 40.6019
-153.63 47.8165 40.5815
-153.8 47.608 40.5628
-153.973 47.4009 40.5457
-154.147 47.1958 40.5309
-154.324 46.9921 40.5178
-154.502 46.79 40.5063
-154.682 46.5895 40.4964
-154.865 46.3908 40.4885
-155.049 46.1939 40.4825
-155.236 45.9987 40.4781
-155.423 45.8051 40.4753
-155.613 45.6131 40.4742
-155.805 45.4235 40.4753
-155.999 45.2356 40.4781
-156.194 45.0493 40.4825
-156.391 44.8649 40.4885
-156.589 44.6825 40.4964
-156.79 44.5022 40.5063
-156.992 44.3238 40.5178
-157.196 44.1473 40.5309
-157.401 43.9726 40.5457
-157.608 43.8004 40.5628
-157.817 43.6302 40.5815
-158.027 43.462 40.6019
-158.238 43.2958 40.624
-158.451 43.1317 40.6479
-158.665 42.9702 40.6739
-158.881 42.8108 40.7017
-159.099 42.6534 40.7312
-159.317 42.4982 40.7625
-159.537 42.3454 40.7957
-159.758 42.1953 40.831
-159.981 42.0474 40.8681
-160.205 41.9017 40.907
-160.43 41.7583 40.9477
-160.656 41.6174 40.9904
-160.883 41.4794 41.0353
-161.112 41.3437 41.0822
-161.341 41.2105 41.1309
-161.572 41.0798 41.1815
-161.803 40.9516 41.2341
-162.036 40.8264 41.289
-162.27 40.704 41.346
-162.504 40.5842 41.4051
-162.739 40.467 41.4662
-162.975 40.3526 41.5294
-163.212 40.2409 41.5946
-163.45 40.1324 41.6623
-163.688 40.027 41.7324
-163.927 39.9244 41.8047
-164.167 39.8248 41.8792
-164.406 39.7283 41.956
-164.647 39.6347 42.0351
-164.888 39.5443 42.1167
-165.129 39.4571 42.2006
-165.37 39.3733 42.2872
-165.612 39.293 42.3765
-165.854 39.216 42.4683
-166.096 39.1423 42.5627
-166.337 39.0721 42.6598
-166.579 39.0055 42.7596
-166.82 38.9424 42.8621
-167.062 38.8829 42.9676
-167.302 38.8272 43.0759
-167.543 38.7753 43.1872
-167.782 38.7272 43.3016
-168.021 38.683 43.419
-168.259 38.6428 43.5397
-168.496 38.6067 43.6636
-168.732 38.5747 43.7908
-168.966 38.547 43.9215
-169.199 38.5235 44.0556
-169.43 38.5044 44.1934
-169.66 38.4897 44.3347
-169.887 38.4795 44.4799
-170.112 38.4739 44.6288
-170.334 38.4728 44.7816
-170.554 38.4765 44.9384
-170.77 38.4851 45.0994
-170.983 38.4988 45.2648
-171.192 38.5175 45.4345
-171.397 38.541 45.6085
-171.597 38.5695 45.7869
-171.793 38.603 45.9696
-171.983 38.6421 46.1575
-172.166 38.6863 46.35
-172.344 38.7355 46.547
-172.515 38.7897 46.7486
-172.678 38.8496 46.9554
-172.832 38.9142 47.1667
-172.979 38.9836 47.3825
-173.115 39.0582 47.6033
-173.241 39.1371 47.8281
-173.357 39.2206 48.0573
-173.46 39.3082 48.2905
-173.552 39.3993 48.5272
-173.63 39.4941 48.7674
-173.696 39.5915 49.0102
-173.747 39.6916 49.2556
-173.785 39.7933 49.5026
-173.806 39.8964 49.751
-173.814 40 50
-173.806 40.1036 50.249
-173.785 40.2067 50.4974
-173.747 40.3084 50.7444
-173.696 40.4085 50.9898
-173.63 40.5059 51.2326
-173.552 40.6007 51.4728
-173.46 40.6918 51.7095
-173.357 40.7794 51.9427
-173.241 40.8629 52.1719
-173.115 40.9418 52.3967
-172.979 41.0164 52.6175
-172.832 41.0858 52.8333
-172.678 41.1504 53.0446
-172.515 41.2103 53.2514
-172.344 41.2645 53.453
-172.166 41.3137 53.65
-171.983 41.3579 53.8425
-171.793 41.397 54.0304
-171.597 41.4305 54.2131
-171.397 41.459 54.3915
-171.192 41.4825 54.5655
-170.983 41.5012 54.7352
-170.77 41.5149 54.9006
-170.554 41.5235 55.0616
-170.334 41.5272 55.2184
-170.112 41.5261 55.3712
-169.887 41.5205 55.5201
-169.66 41.5103 55.6653
-169.43 41.4956 55.8066
-169.199 41.4765 55.9444
-168.966 41.453 56.0785
-168.732 41.4253 56.2092
-168.496 41.3933 56.3364
-168.259 41.3572 56.4603
-168.021 41.317 56.581
-167.782 41.2728 56.6984
-167.543 41.2247 56.8128
-167.302 41.1728 56.9241
-167.062 41.1171 57.0324
-166.82 41.0576 57.1379
-166.579 40.9945 57.2404
-166.337 40.9279 57.3402
-166.096 40.8577 57.4373
-165.854 40.784 57.5317
-165.612 40.707 57.6235
-165.37 40.6267 57.7128
-165.129 40.5429 57.7994
-164.888 40.4557 57.8833
-164.647 40.3653 57.9649
-164.406 40.2717 58.044
-164.167 40.1752 58.1208
-163.927 40.0756 58.1953
-163.688 39.973 58.2676
-163.45 39.8676 58.3377
-163.212 39.7591 58.4054
-162.975 39.6474 58.4706
-162.739 39.533 58.5338
-162.504 39.4158 58.5949
-162.27 39.296 58.654
-162.036 39.1736 58.711
-161.803 39.0484 58.7659
-161.572 38.9202 58.8185
-161.341 38.7895 58.8691
-161.112 38.6563 58.9178
-160.883 38.5206 58.9647
-160.656 38.3826 59.0096
-160.43 38.2417 59.0523
-160.205 38.0983 59.093
-159.981 37.9526 59.1319
-159.758 37.8047 59.169
-159.537 37.6546 59.2043
-159.317 37.5018 59.2375
-159.099 37.3466 59.2688
-158.881 37.1892 59.2983
-158.665 37.0298 59.3261
-158.451 36.8683 59.3521
-158.238 36.7042 59.376
-158.027 36.538 59.3981
-157.817 36.3698 59.4185
-157.608 36.1996 59.4372
-157.401 36.0274 59.4543
-157.196 35.8527 59.4691
-156.992 35.6762 59.4822
-156.79 35.4978 59.4937
-156.589 35.3175 59.5036
-156.391 35.1351 59.5115
-156.194 34.9507 59.5175
-155.999 34.7644 59.5219
-155.805 34.5765 59.5247
-155.613 34.3869 59.5258
-155.423 34.1949 59.5247
-155.236 34.0013 59.5219
-155.049 33.8061 59.5175
-154.865 33.6092 59.5115
-154.682 33.4105 59.5036
-154.502 33.21 59.4937
-154.324 33.0079 59.4822
-154.147 32.8042 59.4691
-153.973 32.5991 59.4543
-153.8 32.392 59.4372
-153.63 32.1835 59.4185
-153.462 31.9735 59.3981
-153.296 31.7621 59.376
-153.132 31.5492 59.3521
-152.97 31.3346 59.3261
-152.811 31.1187 59.2983
-152.653 30.9015 59.2688
-152.498 30.683 59.2375
-152.345 30.463 59.2043
-152.195 30.2416 59.169
-152.047 30.019 59.1319
-151.902 29.7953 59.093
-151.758 29.5704 59.0523
-151.617 29.3442 59.0096
-151.479 29.1167 58.9647
-151.344 28.8882 58.9178
-151.211 28.6587 58.8691
-151.08 28.4281 58.8185
-150.952 28.1966 58.7659
-150.826 27.9639 58.711
-150.704 27.7303 58.654
-150.584 27.4959 58.5949
-150.467 27.2606 58.5338
-150.353 27.0245 58.4706
-150.241 26.7877 58.4054
-150.132 26.5501 58.3377
-150.027 26.3118 58.2676
-149.924 26.0729 58.1953
-149.825 25.8335 58.1208
-149.728 25.5935 58.044
-149.635 25.3531 57.9649
-149.544 25.1123 57.8833
-149.457 24.8712 57.7994
-149.373 24.6297 57.7128
-149.293 24.3881 57.6235
-149.216 24.1463 57.5317
-149.142 23.9045 57.4373
-149.072 23.6627 57.3402
-149.005 23.421 57.2404
-148.942 23.1796 57.1379
-148.883 22.9384 57.0324
-148.827 22.6977 56.9241
-148.775 22.4574 56.8128
-148.727 22.2178 56.6984
-148.683 21.9789 56.581
-148.643 21.7409 56.4603
-148.607 21.504 56.3364
-148.575 21.2682 56.2092
-148.547 21.0338 56.0785
-148.524 20.8008 55.9444
-148.504 20.5696 55.8066
-148.49 20.3402 55.6653
-148.48 20.113 55.5201
-148.474 19.888 55.3712
-148.473 19.6657 55.2184
-148.477 19.4461 55.0616
-148.485 19.2297 54.9006
-148.499 19.017 54.7352
-148.517 18.8081 54.5655
-148.541 18.6032 54.3915
-148.57 18.4028 54.2131
-148.603 18.2071 54.0304
-148.642 18.0174 53.8425
-148.686 17.8336 53.65
-148.735 17.6559 53.453
-148.79 17.485 53.2514
-148.85 17.3224 53.0446
-148.914 17.1675 52.8333
-148.984 17.0212 52.6175
-149.058 16.8852 52.3967
-149.137 16.7587 52.1719
-149.221 16.6435 51.9427
-149.308 16.5398 51.7095
-149.399 16.4479 51.4728
-149.494 16.3696 51.2326
-149.592 16.3037 50.9898
-149.692 16.2531 50.7444
-149.793 16.2153 50.4974
-149.896 16.1938 50.249
-150 16.1855 50
-150.104 16.1938 49.751
-150.207 16.2153 49.5026
-150.308 16.2531 49.2556
-150.408 16.3037 49.0102
-150.506 16.3696 48.7674
-150.601 16.4479 48.5272
-150.692 16.5398 48.2905
-150.779 16.6435 48.0573
-150.863 16.7587 47.8281
-150.942 16.8852 47.6033
-151.016 17.0212 47.3825
-151.086 17.1675 47.1667
-151.15 17.3224 46.9554
-151.21 17.485 46.7486
-151.265 17.6559 46.547
-151.314 17.8336 46.35
-151.358 18.0174 46.1575
-151.397 18.2071 45.9696
-151.43 18.4028 45.7869
-151.459 18.6032 45.6085
-151.483 18.8081 45.4345
-151.501 19.017 45.2648
-151.515 19.2297 45.0994
-151.523 19.4461 44.9384
-151.527 19.6657 44.7816
-151.526 19.888 44.6288
-151.52 20.113 44.4799
-151.51 20.3402 44.3347
-151.496 20.5696 44.1934
-151.476 20.8008 44.0556
-151.453 21.0338 43.9215
-151.425 21.2682 43.7908
-151.393 21.504 43.6636
-151.357 21.7409 43.5397
-151.317 21.9789 43.419
-151.273 22.2178 43.3016
-151.225 22.4574 43.1872
-151.173 22.6977 43.0759
-151.117 22.9384 42.9676
-151.058 23.1796 42.8621
-150.995 23.421 42.7596
-150.928 23.6627 42.6598
-150.858 23.9045 42.5627
-150.784 24.1463 42.4683
-150.707 24.3881 42.3765
-150.627 24.6297 42.2872
-150.543 24.8712 42.2006
-150.456 25.1123 42.1167
-150.365 25.3531 42.0351
-150.272 25.5935 41.956
-150.175 25.8335 41.8792
-150.076 26.0729 41.8047
-149.973 26.3118 41.7324
-149.868 26.5501 41.6623
-149.759 26.7877 41.5946
-149.647 27.0245 41.5294
-149.533 27.2606 41.4662
-149.416 27.4959 41.4051
-149.296 27.7303 41.346
-149.174 27.9639 41.289
-149.048 28.1966 41.2341
-148.92 28.4281 41.1815
-148.789 28.6587 41.1309
-148.656 28.8882 41.0822
-148.521 29.1167 41.0353
-148.383 29.3442 40.9904
-148.242 29.5704 40.9477
-148.098 29.7953 40.907
-147.953 30.019 40.8681
-147.805 30.2416 40.831
-147.655 30.463 40.7957
-147.502 30.683 40.7625
-147.347 30.9015 40.7312
-147.189 31.1187 40.7017
-147.03 31.3346 40.6739
-146.868 31.5492 40.6479
-146.704 31.7621 40.624
-146.538 31.9735 40.6019
-146.37 32.1835 40.5815
-146.2 32.392 40.5628
-146.027 32.5991 40.5457
-145.853 32.8042 40.5309
-145.676 33.0079 40.5178
-145.498 33.21 40.5063
-145.318 33.4105 40.4964
-145.135 33.6092 40.4885
-144.951 33.8061 40.4825
-144.764 34.0013 40.4781
-144.577 34.1949 40.4753
-144.387 34.3869 40.4742
-144.195 34.5765 40.4753
-144.001 34.7644 40.4781
-143.806 34.9507 40.4825
-143.609 35.1351 40.4885
-143.411 35.3175 40.4964
-143.21 35.4978 40.5063
-143.008 35.6762 40.5178
-142.804 35.8527 40.5309
-142.599 36.0274 40.5457
-142.392 36.1996 40.5628
-142.183 36.3698 40.5815
-141.973 36.538 40.6019
-141.762 36.7042 40.624
-141.549 36.8683 40.6479
-141.335 37.0298 40.6739
-141.119 37.1892 40.7017
-140.901 37.3466 40.7312
-140.683 37.5018 40.7625
-140.463 37.6546 40.7957
-140.242 37.8047 40.831
-140.019 37.9526 40.8681
-139.795 38.0983 40.907
-139.57 38.2417 40.9477
-139.344 38.3826 40.9904
-139.117 38.5206 41.0353
-138.888 38.6563 41.0822
-138.659 38.7895 41.1309
-138.428 38.9202 41.1815
-138.197 39.0484 41.2341
-137.964 39.1736 41.289
-137.73 39.296 41.346
-137.496 39.4158 41.4051
-137.261 39.533 41.4662
-137.025 39.6474 41.5294
-136.788 39.7591 41.5946
-136.55 39.8676 41.6623
-136.312 39.973 41.7324
-136.073 40.0756 41.8047
-135.833 40.1752 41.8792
-135.594 40.2717 41.956
-135.353 40.3653 42.0351
-135.112 40.4557 42.1167
-134.871 40.5429 42.2006
-134.63 40.6267 42.2872
-134.388 40.707 42.3765
-134.146 40.784 42.4683
-133.904 40.8577 42.5627
-133.663 40.9279 42.6598
-133.421 40.9945 42.7596
-133.18 41.0576 42.8621
-132.938 41.1171 42.9676
-132.698 41.1728 43.0759
-132.457 41.2247 43.1872
-132.218 41.2728 43.3016
-131.979 41.317 43.419
-131.741 41.3572 43.5397
-131.504 41.3933 43.6636
-131.268 41.4253 43.7908
-131.034 41.453 43.9215
-130.801 41.4765 44.0556
-130.57 41.4956 44.1934
-130.34 41.5103 44.3347
-130.113 41.5205 44.4799
-129.888 41.5261 44.6288
-129.666 41.5272 44.7816
-129.446 41.5235 44.9384
-129.23 41.5149 45.0994
-129.017 41.5012 45.2648
-128.808 41.4825 45.4345
-128.603 41.459 45.6085
-128.403 41.4305 45.7869
-128.207 41.397 45.9696
-128.017 41.3579 46.1575
-127.834 41.3137 46.35
-127.656 41.2645 46.547
-127.485 41.2103 46.7486
-127.322 41.1504 46.9554
-127.168 41.0858 47.1667
-127.021 41.0164 47.3825
-126.885 40.9418 47.6033
-126.759 40.8629 47.8281
-126.643 40.7794 48.0573
-126.54 40.6918 48.2905
-126.448 40.6007 48.5272
-126.37 40.5059 48.7674
-126.304 40.4085 49.0102
-126.253 40.3084 49.2556
-126.215 40.2067 49.5026
-126.194 40.1036 49.751
40 50 6.02647e-312
39.8964 50.249 5.77183e-312
39.7933 50.4974 5.79305e-312
39.6916 50.7444 6.04769e-312
39.5915 50.9898 5.79305e-312
39.4941 51.2326 5.81427e-312
39.3993 51.4728 6.06891e-312
39.3082 51.7095 5.81427e-312
39.2206 51.9427 5.83549e-312
39.1371 52.1719 6.09013e-312
39.0582 52.3967 5.83549e-312
38.9836 52.6175 5.60207e-312
38.9142 52.8333 6.11135e-312
38.8496 53.0446 5.85671e-312
38.7897 53.2514 5.87793e-312
38.7355 53.453 6.13257e-312
38.6863 53.65 1.43288e-153
38.6421 53.8425 1.58088e-153
38.603 54.0304 3.92575e+179
38.5695 54.2131 2.99855
38.541 54.3915 -0.0130571
38.5175 54.5655 0.031362
38.4988 54.7352 2.99625
38.4851 54.9006 -0.0260432
38.4765 55.0616 0.0626536
38.4728 55.2184 2.99149
38.4739 55.3712 -0.0388548
38.4795 55.5201 0.0937725
38.4897 55.6653 2.98511
38.5044 55.8066 -0.0514583
38.5235 55.9444 0.124686
38.547 56.0785 2.97681
38.5747 56.2092 -0.0637304
38.6067 56.3364 0.155273
38.6428 56.4603 2.96695
38.683 56.581 -0.0756675
38.7272 56.6984 0.185531
38.7753 56.8128 2.95537
38.8272 56.9241 -0.0871529
38.8829 57.0324 0.215347
38.9424 57.1379 2.94231
39.0055 57.2404 -0.0981849
39.0721 57.3402 0.244723
39.1423 57.4373 2.92779
39.216 57.5317 -0.108698
39.293 57.6235 0.273597
39.3733 57.7128 2.91185
39.4571 57.7994 -0.118641
39.5443 57.8833 0.301923
39.6347 57.9649 2.89473
39.7283 58.044 -0.128046
39.8248 58.1208 0.329736
39.9244 58.1953 2.87629
40.027 58.2676 -0.136786
40.1324 58.3377 0.356918
40.2409 58.4054 2.85678
40.3526 58.4706 -0.144926
40.467 58.5338 0.383535
40.5842 58.5949 2.8363
40.704 58.654 -0.152466
40.8264 58.711 0.409593
40.9516 58.7659 2.81477
41.0798 58.8185 -0.159296
41.2105 58.8691 0.434992
41.3437 58.9178 2.79239
41.4794 58.9647 -0.165491
41.6174 59.0096 0.459808
41.7583 59.0523 2.76923
41.9017 59.093 -0.171061
42.0474 59.1319 0.484054
42.1953 59.169 2.74533
42.3454 59.2043 -0.17599
42.4982 59.2375 0.507719
42.6534 59.2688 2.72069
42.8108 59.2983 -0.180205
42.9702 59.3261 0.530744
43.1317 59.3521 2.69544
43.2958 59.376 -0.183795
43.462 59.3981 0.553214
43.6302 59.4185 2.66963
43.8004 59.4372 -0.186762
43.9726 59.4543 0.575133
44.1473 59.4691 2.64331
44.3238 59.4822 -0.18911
44.5022 59.4937 0.59651
44.6825 59.5036 2.61651
44.8649 59.5115 -0.190843
45.0493 59.5175 0.617353
45.2356 59.5219 2.58925
45.4235 59.5247 -0.19192
45.6131 59.5258 0.637631
45.8051 59.5247 2.56159
45.9987 59.5219 -0.192381
46.1939 59.5175 0.657382
46.3908 59.5115 2.53358
46.5895 59.5036 -0.192253
46.79 59.4937 0.676633
46.9921 59.4822 2.50524
47.1958 59.4691 -0.191542
47.4009 59.4543 0.695393
47.608 59.4372 2.47661
47.8165 59.4185 -0.190258
48.0265 59.3981 0.713673
48.2379 59.376 2.44772
48.4508 59.3521 -0.188407
48.6654 59.3261 0.731483
48.8813 59.2983 2.41859
49.0985 59.2688 -0.185998
49.317 59.2375 0.748832
49.537 59.2043 2.38925
49.7584 59.169 -0.183041
49.981 59.1319 0.765732
50.2047 59.093 2.35971
50.4296 59.0523 -0.179545
50.6558 59.0096 0.782192
50.8833 58.9647 2.33001
51.1118 58.9178 -0.175518
51.3413 58.8691 0.798221
51.5719 58.8185 2.30016
51.8034 58.7659 -0.170969
52.0361 58.711 0.813831
52.2697 58.654 2.27018
52.5041 58.5949 -0.165908
52.7394 58.5338 0.82903
52.9755 58.4706 2.24009
53.2123 58.4054 -0.160344
53.4499 58.3377 0.843828
53.6882 58.2676 2.20991
53.9271 58.1953 -0.154285
54.1665 58.1208 0.858233
54.4065 58.044 2.17964
54.6469 57.9649 -0.147741
54.8877 57.8833 0.872255
55.1288 57.7994 2.14931
55.3703 57.7128 -0.14072
55.6119 57.6235 0.885903
55.8537 57.5317 2.11893
56.0955 57.4373 -0.133232
56.3373 57.3402 0.899184
56.579 57.2404 2.08851
56.8204 57.1379 -0.125284
57.0616 57.0324 0.912106
57.3023 56.9241 2.05807
57.5426 56.8128 -0.116885
57.7822 56.6984 0.924678
58.0211 56.581 2.02761
58.2591 56.4603 -0.108044
58.496 56.3364 0.936907
58.7318 56.2092 1.99715
58.9662 56.0785 -0.0987685
59.1992 55.9444 0.948801
59.4304 55.8066 1.96669
59.6598 55.6653 -0.0890665
59.887 55.5201 0.960365
60.112 55.3712 1.93625
60.3343 55.2184 -0.0789459
60.5539 55.0616 0.971608
60.7703 54.9006 1.90584
60.983 54.7352 -0.0683949
61.1919 54.5655 0.98252
61.3968 54.3915 1.87546
61.5972 54.2131 -0.0574038
61.7929 54.0304 0.993095
61.9826 53.8425 1.84512
62.1664 53.65 -0.0460136
62.3441 53.453 1.00336
62.515 53.2514 1.81484
62.6776 53.0446 -0.0342315
62.8325 52.8333 1.01333
62.9788 52.6175 1.78461
63.1148 52.3967 -0.0220647
63.2413 52.1719 1.02301
63.3565 51.9427 1.75444
63.4602 51.7095 -0.00951987
63.5521 51.4728 1.0324
63.6304 51.2326 1.72435
63.6963 50.9898 0.00339614
63.7469 50.7444 1.0415
63.7847 50.4974 1.69433
63.8062 50.249 0.0166769
63.8145 50 1.05033
63.8062 49.751 1.6644
63.7847 49.5026 0.0303504
63.7469 49.2556 1.05885
63.6963 49.0102 1.63457
63.6304 48.7674 0.0444176
63.5521 48.5272 1.06708
63.4602 48.2905 1.60483
63.3565 48.0573 0.0588326
63.2413 47.8281 1.07504
63.1148 47.6033 1.57519
62.9788 47.3825 0.0735895
62.8325 47.1667 1.08273
62.6776 46.9554 1.54566
62.515 46.7486 0.0886825
62.3441 46.547 1.09017
62.1664 46.35 1.51623
61.9826 46.1575 0.104106
61.7929 45.9696 1.09736
61.5972 45.7869 1.48692
61.3968 45.6085 0.119874
61.1919 45.4345 1.10428
60.983 45.2648 1.45775
60.7703 45.0994 0.136028
60.5539 44.9384 1.1109
60.3343 44.7816 1.42871
60.112 44.6288 0.152497
59.887 44.4799 1.11728
59.6598 44.3347 0
59.4304 44.1934 1.99333
59.1992 44.0556 0
58.9662 43.9215 2.07516
58.7318 43.7908 2.11639
58.496 43.6636 2.15783
58.2591 43.5397 2.19946
58.0211 43.419 2.24129
57.7822 43.3016 2.28329
57.5426 43.1872 2.32545
57.3023 43.0759 2.36778
57.0616 42.9676 2.41026
56.8204 42.8621 2.45289
56.579 42.7596 2.49564
56.3373 42.6598 2.53852
56.0955 42.5627 2.58152
55.8537 42.4683 2.62462
55.6119 42.3765 2.66782
55.3703 42.2872 2.7111
55.1288 42.2006 2.75446
54.8877 42.1167 2.79789
54.6469 42.0351 2.84137
54.4065 41.956 2.88491
54.1665 41.8792 2.92848
53.9271 41.8047 2.97208
53.6882 41.7324 3.0157
53.4499 41.6623 3.05934
53.2123 41.5946 3.10297
52.9755 41.5294 3.14659
52.7394 41.4662 3.19019
52.5041 41.4051 3.23376
52.2697 41.346 3.2773
52.0361 41.289 3.32078
51.8034 41.2341 3.36421
51.5719 41.1815 3.40757
51.3413 41.1309 3.45086
51.1118 41.0822 3.49405
50.8833 41.0353 3.53715
50.6558 40.9904 3.58015
50.4296 40.9477 3.62303
50.2047 40.907 3.66578
49.981 40.8681 3.70841
49.7584 40.831 3.75089
49.537 40.7957 3.79322
49.317 40.7625 3.83538
49.0985 40.7312 3.87738
48.8813 40.7017 3.91921
48.6654 40.6739 3.96084
48.4508 40.6479 4.00228
48.2379 40.624 4.04351
48.0265 40.6019 4.08454
47.8165 40.5815 4.12534
47.608 40.5628 4.16592
47.4009 40.5457 4.20626
47.1958 40.5309 4.24635
46.9921 40.5178 4.2862
46.79 40.5063 4.32578
46.5895 40.4964 4.3651
46.3908 40.4885 4.40415
46.1939 40.4825 4.44291
45.9987 40.4781 4.48139
45.8051 40.4753 4.51958
45.6131 40.4742 4.55746
45.4235 40.4753 4.59504
45.2356 40.4781 4.63231
45.0493 40.4825 4.66927
44.8649 40.4885 4.7059
44.6825 40.4964 4.7422
44.5022 40.5063 4.77817
44.3238 40.5178 4.81381
44.1473 40.5309 4.8491
43.9726 40.5457 4.88405
43.8004 40.5628 4.91865
43.6302 40.5815 4.9529
43.462 40.6019 4.98679
43.2958 40.624 5.02033
43.1317 40.6479 5.0535
42.9702 40.6739 5.08632
42.8108 40.7017 5.11877
42.6534 40.7312 5.15085
42.4982 40.7625 5.18257
42.3454 40.7957 5.21393
42.1953 40.831 5.24492
42.0474 40.8681 5.27555
41.9017 40.907 5.30581
41.7583 40.9477 5.33571
41.6174 40.9904 5.36525
41.4794 41.0353 5.39443
41.3437 41.0822 5.42326
41.2105 41.1309 5.45173
41.0798 41.1815 5.47986
40.9516 41.2341 5.50765
40.8264 41.289 5.5351
40.704 41.346 5.56223
40.5842 41.4051 5.58903
40.467 41.4662 5.61551
40.3526 41.5294 5.64168
40.2409 41.5946 5.66756
40.1324 41.6623 5.69315
40.027 41.7324 5.71845
39.9244 41.8047 5.74349
39.8248 41.8792 5.76827
39.7283 41.956 5.7928
39.6347 42.0351 5.8171
39.5443 42.1167 5.84118
39.4571 42.2006 5.86505
39.3733 42.2872 5.88874
39.293 42.3765 5.91225
39.216 42.4683 5.93559
39.1423 42.5627 5.9588
39.0721 42.6598 5.98188
39.0055 42.7596 6.00484
38.9424 42.8621 6.02772
38.8829 42.9676 6.05052
38.8272 43.0759 6.07327
38.7753 43.1872 6.09598
38.7272 43.3016 6.11867
38.683 43.419 6.14136
38.6428 43.5397 6.16407
38.6067 43.6636 6.18682
38.5747 43.7908 6.20962
38.547 43.9215 6.2325
38.5235 44.0556 6.25547
38.5044 44.1934 6.27854
38.4897 44.3347 6.30175
38.4795 44.4799 6.3251
38.4739 44.6288 6.3486
38.4728 44.7816 6.37229
38.4765 44.9384 6.39616
38.4851 45.0994 6.42024
38.4988 45.2648 6.44454
38.5175 45.4345 6.46907
38.541 45.6085 6.49385
38.5695 45.7869 6.51889
38.603 45.9696 6.54419
38.6421 46.1575 6.56978
38.6863 46.35 6.59566
38.7355 46.547 6.62183
38.7897 46.7486 6.64831
38.8496 46.9554 6.67511
38.9142 47.1667 6.70224
38.9836 47.3825 6.72969
39.0582 47.6033 6.75748
39.1371 47.8281 6.78561
39.2206 48.0573 6.81408
39.3082 48.2905 6.84291
39.3993 48.5272 6.87209
39.4941 48.7674 6.90163
39.5915 49.0102 6.93153
39.6916 49.2556 6.9618
39.7933 49.5026 6.99242
39.8964 49.751 7.02341
40 50 7.05477
40.1036 50.249 7.08649
40.2067 50.4974 7.11857
40.3084 50.7444 7.15102
40.4085 50.9898 7.18384
40.5059 51.2326 7.21701
40.6007 51.4728 7.25055
40.6918 51.7095 7.28444
40.7794 51.9427 7.31869
40.8629 52.1719 7.35329
40.9418 52.3967 7.38824
41.0164 52.6175 7.42353
41.0858 52.8333 7.45917
41.1504 53.0446 7.49514
41.2103 53.2514 7.53144
41.2645 53.453 7.56807
41.3137 53.65 7.60503
41.3579 53.8425 7.6423
41.397 54.0304 7.67988
41.4305 54.2131 7.71776
41.459 54.3915 7.75595
41.4825 54.5655 7.79443
41.5012 54.7352 7.8332
41.5149 54.9006 7.87224
41.5235 55.0616 7.91156
41.5272 55.2184 7.95115
41.5261 55.3712 7.99099
41.5205 55.5201 8.03108
41.5103 55.6653 8.07142
41.4956 55.8066 8.112
41.4765 55.9444 8.1528
41.453 56.0785 8.19383
41.4253 56.2092 8.23506
41.3933 56.3364 8.2765
41.3572 56.4603 8.31814
41.317 56.581 8.35996
41.2728 56.6984 8.40196
41.2247 56.8128 8.44412
41.1728 56.9241 8.48645
41.1171 57.0324 8.52893
41.0576 57.1379 0
40.9945 57.2404 0.0226911
40.9279 57.3402 0.0454008
40.8577 57.4373 0.0681478
40.784 57.5317 0.0909503
40.707 57.6235 0.113827
40.6267 57.7128 0.136795
40.5429 57.7994 0.159873
40.4557 57.8833 0.183077
40.3653 57.9649 0.206425
40.2717 58.044 0.229933
40.1752 58.1208 0.253616
40.0756 58.1953 0.277491
39.973 58.2676 0.301571
39.8676 58.3377 0.325871
39.7591 58.4054 0.350403
39.6474 58.4706 0.375182
39.533 58.5338 0.400218
39.4158 58.5949 0.425524
39.296 58.654 0.45111
39.1736 58.711 0.476986
39.0484 58.7659 0.503161
38.9202 58.8185 0.529644
38.7895 58.8691 0.556443
38.6563 58.9178 0.583566
38.5206 58.9647 0.611018
38.3826 59.0096 0.638807
38.2417 59.0523 0.666938
38.0983 59.093 0.695414
37.9526 59.1319 0.724242
37.8047 59.169 0.753424
37.6546 59.2043 0.782964
37.5018 59.2375 0.812863
37.3466 59.2688 0.843125
37.1892 59.2983 0.87375
37.0298 59.3261 0.904741
36.8683 59.3521 0.936096
36.7042 59.376 0.967817
36.538 59.3981 0.999904
36.3698 59.4185 1.03235
36.1996 59.4372 1.06517
36.0274 59.4543 1.09834
35.8527 59.4691 1.13188
35.6762 59.4822 1.16577
35.4978 59.4937 1.20002
35.3175 59.5036 1.23462
35.1351 59.5115 1.26957
34.9507 59.5175 1.30486
34.7644 59.5219 1.3405
34.5765 59.5247 1.37647
34.3869 59.5258 1.41277
34.1949 59.5247 1.4494
34.0013 59.5219 1.48636
33.8061 59.5175 1.52363
33.6092 59.5115 1.56121
33.4105 59.5036 1.59909
33.21 59.4937 1.63728
33.0079 59.4822 1.67576
32.8042 59.4691 1.71452
32.5991 59.4543 1.75357
32.392 59.4372 1.79289
32.1835 59.4185 1.83247
31.9735 59.3981 1.87232
31.7621 59.376 1.91241
31.5492 59.3521 1.95275
31.3346 59.3261 1.99333
31.1187 59.2983 2.03413
30.9015 59.2688 2.07516
30.683 59.2375 2.11639
30.463 59.2043 2.15783
30.2416 59.169 2.19946
30.019 59.1319 2.24129
29.7953 59.093 2.28329
29.5704 59.0523 2.32545
29.3442 59.0096 2.36778
29.1167 58.9647 2.41026
28.8882 58.9178 2.45289
28.6587 58.8691 2.49564
28.4281 58.8185 2.53852
28.1966 58.7659 2.58152
27.9639 58.711 2.62462
27.7303 58.654 2.66782
27.4959 58.5949 2.7111
27.2606 58.5338 2.75446
27.0245 58.4706 2.79789
26.7877 58.4054 2.84137
26.5501 58.3377 2.88491
26.3118 58.2676 2.92848
26.0729 58.1953 2.97208
25.8335 58.1208 3.0157
25.5935 58.044 3.05934
25.3531 57.9649 3.10297
25.1123 57.8833 3.14659
24.8712 57.7994 3.19019
24.6297 57.7128 3.23376
24.3881 57.6235 3.2773
24.1463 57.5317 3.32078
23.9045 57.4373 3.36421
23.6627 57.3402 3.40757
23.421 57.2404 3.45086
23.1796 57.1379 3.49405
22.9384 57.0324 3.53715
22.6977 56.9241 3.58015
22.4574 56.8128 3.62303
22.2178 56.6984 3.66578
21.9789 56.581 3.70841
21.7409 56.4603 3.75089
21.504 56.3364 3.79322
21.2682 56.2092 3.83538
21.0338 56.0785 3.87738
20.8008 55.9444 3.91921
20.5696 55.8066 3.96084
20.3402 55.6653 4.00228
20.113 55.5201 4.04351
19.888 55.3712 4.08454
19.6657 55.2184 4.12534
19.4461 55.0616 4.16592
19.2297 54.9006 4.20626
19.017 54.7352 4.24635
18.8081 54.5655 4.2862
18.6032 54.3915 4.32578
18.4028 54.2131 4.3651
18.2071 54.0304 4.40415
18.0174 53.8425 4.44291
17.8336 53.65 4.48139
17.6559 53.453 4.51958
17.485 53.2514 4.55746
17.3224 53.0446 4.59504
17.1675 52.8333 0
17.0212 52.6175 4.66927
16.8852 52.3967 0
16.7587 52.1719 4.7422
16.6435 51.9427 4.77817
16.5398 51.7095 4.81381
16.4479 51.4728 4.8491
16.3696 51.2326 4.88405
16.3037 50.9898 4.91865
16.2531 50.7444 4.9529
16.2153 50.4974 4.98679
16.1938 50.249 5.02033
16.1855 50 5.0535
16.1938 49.751 5.08632
16.2153 49.5026 5.11877
16.2531 49.2556 5.15085
16.3037 49.0102 5.18257
16.3696 48.7674 5.21393
16.4479 48.5272 5.24492
16.5398 48.2905 5.27555
16.6435 48.0573 5.30581
16.7587 47.8281 5.33571
16.8852 47.6033 5.36525
17.0212 47.3825 5.39443
17.1675 47.1667 5.42326
17.3224 46.9554 5.45173
17.485 46.7486 5.47986
17.6559 46.547 5.50765
17.8336 46.35 5.5351
18.0174 46.1575 5.56223
18.2071 45.9696 5.58903
18.4028 45.7869 5.61551
18.6032 45.6085 5.64168
18.8081 45.4345 5.66756
19.017 45.2648 5.69315
19.2297 45.0994 5.71845
19.4461 44.9384 5.74349
19.6657 44.7816 5.76827
19.888 44.6288 5.7928
20.113 44.4799 5.8171
20.3402 44.3347 5.84118
20.5696 44.1934 5.86505
20.8008 44.0556 5.88874
21.0338 43.9215 5.91225
21.2682 43.7908 5.93559
21.504 43.6636 5.9588
21.7409 43.5397 5.98188
21.9789 43.419 6.00484
22.2178 43.3016 6.02772
22.4574 43.1872 6.05052
22.6977 43.0759 6.07327
22.9384 42.9676 6.09598
23.1796 42.8621 6.11867
23.421 42.7596 6.14136
23.6627 42.6598 6.16407
23.9045 42.5627 6.18682
24.1463 42.4683 6.20962
24.3881 42.3765 6.2325
24.6297 42.2872 6.25547
24.8712 42.2006 6.27854
25.1123 42.1167 6.30175
25.3531 42.0351 6.3251
25.5935 41.956 6.3486
25.8335 41.8792 6.37229
26.0729 41.8047 6.39616
26.3118 41.7324 6.42024
26.5501 41.6623 6.44454
26.7877 41.5946 6.46907
27.0245 41.5294 6.49385
27.2606 41.4662 6.51889
27.4959 41.4051 6.54419
27.7303 41.346 6.56978
27.9639 41.289 6.59566
28.1966 41.2341 6.62183
28.4281 41.1815 6.64831
28.6587 41.1309 6.67511
28.8882 41.0822 6.70224
29.1167 41.0353 6.72969
29.3442 40.9904 6.75748
29.5704 40.9477 6.78561
29.7953 40.907 6.81408
30.019 40.8681 6.84291
30.2416 40.831 6.87209
30.463 40.7957 6.90163
30.683 40.7625 6.93153
30.9015 40.7312 6.9618
31.1187 40.7017 6.99242
31.3346 40.6739 7.02341
31.5492 40.6479 7.05477
31.7621 40.624 7.08649
31.9735 40.6019 7.11857
32.1835 40.5815 7.15102
32.392 40.5628 7.18384
32.5991 40.5457 7.21701
32.8042 40.5309 7.25055
33.0079 40.5178 7.28444
33.21 40.5063 7.31869
33.4105 40.4964 7.35329
33.6092 40.4885 7.38824
33.8061 40.4825 7.42353
34.0013 40.4781 7.45917
34.1949 40.4753 7.49514
34.3869 40.4742 7.53144
34.5765 40.4753 7.56807
34.7644 40.4781 7.60503
34.9507 40.4825 7.6423
35.1351 40.4885 7.67988
35.3175 40.4964 7.71776
35.4978 40.5063 7.75595
35.6762 40.5178 7.79443
35.8527 40.5309 7.8332
36.0274 40.5457 7.87224
36.1996 40.5628 7.91156
36.3698 40.5815 7.95115
36.538 40.6019 7.99099
36.7042 40.624 8.03108
36.8683 40.6479 8.07142
37.0298 40.6739 8.112
37.1892 40.7017 8.1528
37.3466 40.7312 8.19383
37.5018 40.7625 8.23506
37.6546 40.7957 8.2765
37.8047 40.831 8.31814
37.9526 40.8681 8.35996
38.0983 40.907 8.40196
38.2417 40.9477 8.44412
38.3826 40.9904 8.48645
38.5206 41.0353 8.52893
38.6563 41.0822 8.57156
38.7895 41.1309 8.61431
38.9202 41.1815 8.65719
39.0484 41.2341 8.70019
39.1736 41.289 8.74329
39.296 41.346 8.78649
39.4158 41.4051 8.82977
39.533 41.4662 8.87313
39.6474 41.5294 8.91656
39.7591 41.5946 8.96004
39.8676 41.6623 9.00358
39.973 41.7324 9.04715
40.0756 41.8047 9.09075
40.1752 41.8792 9.13437
40.2717 41.956 9.17801
40.3653 42.0351 9.22164
40.4557 42.1167 9.26526
40.5429 42.2006 9.30886
40.6267 42.2872 9.35243
40.707 42.3765 9.39597
40.784 42.4683 9.43945
40.8577 42.5627 9.48288
40.9279 42.6598 9.52624
40.9945 42.7596 9.56953
41.0576 42.8621 9.61272
41.1171 42.9676 9.65582
41.1728 43.0759 9.69882
41.2247 43.1872 9.7417
41.2728 43.3016 9.78445
41.317 43.419 9.82708
41.3572 43.5397 9.86956
41.3933 43.6636 9.91189
41.4253 43.7908 9.95406
41.453 43.9215 9.99605
41.4765 44.0556 10.0379
41.4956 44.1934 10.0795
41.5103 44.3347 10.1209
41.5205 44.4799 10.1622
41.5261 44.6288 10.2032
41.5272 44.7816 10.244
41.5235 44.9384 10.2846
41.5149 45.0994 10.3249
41.5012 45.2648 10.365
41.4825 45.4345 10.4049
41.459 45.6085 10.4445
41.4305 45.7869 10.4838
41.397 45.9696 10.5228
41.3579 46.1575 10.5616
41.3137 46.35 10.6001
41.2645 46.547 10.6382
41.2103 46.7486 10.6761
41.1504 46.9554 10.7137
41.0858 47.1667 10.751
41.0164 47.3825 10.7879
40.9418 47.6033 10.8246
40.8629 47.8281 10.8609
40.7794 48.0573 10.8968
40.6918 48.2905 10.9325
40.6007 48.5272 10.9678
40.5059 48.7674 11.0027
40.4085 49.0102 11.0373
40.3084 49.2556 11.0716
40.2067 49.5026 11.1055
40.1036 49.751 11.139
50 6.02647e-312 11.1722
50.249 5.77183e-312 11.205
50.4974 5.79305e-312 11.2374
50.7444 6.04769e-312 11.2695
50.9898 5.79305e-312 11.3012
51.2326 5.81427e-312 11.3326
51.4728 6.06891e-312 11.3636
51.7095 5.81427e-312 11.3942
51.9427 5.83549e-312 11.4245
52.1719 6.09013e-312 11.4544
52.3967 5.83549e-312 11.4839
52.6175 5.60207e-312 11.5131
52.8333 6.11135e-312 11.5419
53.0446 5.85671e-312 11.5704
53.2514 5.87793e-312 11.5985
53.453 6.13257e-312 11.6263
53.65 5.51686e-48 11.6538
53.8425 2.34148e-57 11.6809
54.0304 1.03292e-47 11.7077
54.2131 2.99855 11.7342
54.3915 -0.0130571 11.7604
54.5655 0.031362 11.7862
54.7352 2.99625 11.8118
54.9006 -0.0260432 11.8371
55.0616 0.0626536 11.8622
55.2184 2.99149 11.8869
55.3712 -0.0388548 11.9115
55.5201 0.0937725 11.9358
55.6653 2.98511 11.9598
55.8066 -0.0514583 11.9837
55.9444 0.124686 12.0074
56.0785 2.97681 12.0309
56.2092 -0.0637304 12.0543
56.3364 0.155273 12.0775
56.4603 2.96695 12.1005
56.581 -0.0756675 12.1235
56.6984 0.185531 12.1464
56.8128 2.95537 12.1692
56.9241 -0.0871529 12.1919
57.0324 0.215347 12.2146
57.1379 2.94231 12.2373
57.2404 -0.0981849 12.26
57.3402 0.244723 12.2827
57.4373 2.92779 12.3055
57.5317 -0.108698 12.3283
57.6235 0.273597 12.3512
57.7128 2.91185 12.3741
57.7994 -0.118641 12.3972
57.8833 0.301923 12.4204
57.9649 2.89473 12.4438
58.044 -0.128046 12.4673
58.1208 0.329736 12.491
58.1953 2.87629 12.5148
58.2676 -0.136786 12.5389
58.3377 0.356918 12.5632
58.4054 2.85678 12.5877
58.4706 -0.144926 12.6125
58.5338 0.383535 12.6376
58.5949 2.8363 12.6629
58.654 -0.152466 12.6885
58.711 0.409593 12.7143
58.7659 2.81477 12.7405
58.8185 -0.159296 12.767
58.8691 0.434992 12.7938
58.9178 2.79239 12.8209
58.9647 -0.165491 12.8484
59.0096 0.459808 12.8761
59.0523 2.76923 12.9043
59.093 -0.171061 12.9328
59.1319 0.484054 12.9616
59.169 2.74533 12.9908
59.2043 -0.17599 13.0203
59.2375 0.507719 13.0502
59.2688 2.72069 13.0805
59.2983 -0.180205 13.1111
59.3261 0.530744 13.1421
59.3521 2.69544 13.1734
59.376 -0.183795 13.2052
59.3981 0.553214 13.2372
59.4185 2.66963 13.2697
59.4372 -0.186762 13.3025
59.4543 0.575133 13.3357
59.4691 2.64331 13.3692
59.4822 -0.18911 13.4031
59.4937 0.59651 13.4374
59.5036 2.61651 13.472
59.5115 -0.190843 13.5069
59.5175 0.617353 13.5422
59.5219 2.58925 13.5778
59.5247 -0.19192 13.6138
59.5258 0.637631 13.6501
59.5247 2.56159 13.6867
59.5219 -0.192381 13.7237
59.5175 0.657382 13.761
59.5115 2.53358 13.7985
59.5036 -0.192253 13.8364
59.4937 0.676633 13.8746
59.4822 2.50524 13.9131
59.4691 -0.191542 13.9519
59.4543 0.695393 13.9909
59.4372 2.47661 14.0302
59.4185 -0.190258 14.0698
59.3981 0.713673 14.1097
59.376 2.44772 14.1498
59.3521 -0.188407 14.1901
59.3261 0.731483 14.2307
59.2983 2.41859 14.2715
59.2688 -0.185998 14.3125
59.2375 0.748832 14.3537
59.2043 2.38925 14.3952
59.169 -0.183041 14.4368
59.1319 0.765732 14.4786
59.093 2.35971 14.5206
59.0523 -0.179545 14.5628
59.0096 0.782192 14.6051
58.9647 2.33001 14.6476
58.9178 -0.175518 14.6902
58.8691 0.798221 14.733
58.8185 2.30016 14.7759
58.7659 -0.170969 14.8189
58.711 0.813831 14.862
58.654 2.27018 14.9052
58.5949 -0.165908 14.9484
58.5338 0.82903 14.9918
58.4706 2.24009 15.0352
58.4054 -0.160344 15.0787
58.3377 0.843828 15.1222
58.2676 2.20991 15.1658
58.1953 -0.154285 15.2094
58.1208 0.858233 15.253
58.044 2.17964 15.2967
57.9649 -0.147741 15.3403
57.8833 0.872255 15.3839
57.7994 2.14931 15.4275
57.7128 -0.14072 15.4711
57.6235 0.885903 15.5146
57.5317 2.11893 15.5581
57.4373 -0.133232 15.6016
57.3402 0.899184 15.6449
57.2404 2.08851 15.6882
57.1379 -0.125284 15.7314
57.0324 0.912106 15.7745
56.9241 2.05807 15.8175
56.8128 -0.116885 15.8604
56.6984 0.924678 15.9031
56.581 2.02761 15.9457
56.4603 -0.108044 15.9882
56.3364 0.936907 16.0306
56.2092 1.99715 16.0727
56.0785 -0.0987685 16.1147
55.9444 0.948801 16.1565
55.8066 1.96669 16.1982
55.6653 -0.0890665 16.2396
55.5201 0.960365 16.2809
55.3712 1.93625 16.3219
55.2184 -0.0789459 16.3627
55.0616 0.971608 16.4033
54.9006 1.90584 16.4436
54.7352 -0.0683949 16.4837
54.5655 0.98252 16.5235
54.3915 1.87546 16.5631
54.2131 -0.0574038 16.6024
54.0304 0.993095 16.6415
53.8425 1.84512 16.6803
53.65 -0.0460136 16.7187
53.453 1.00336 16.7569
53.2514 1.81484 16.7948
53.0446 -0.0342315 16.8324
52.8333 1.01333 16.8697
52.6175 1.78461 16.9066
52.3967 -0.0220647 16.9432
52.1719 1.02301 16.9795
51.9427 1.75444 17.0155
51.7095 -0.00951987 17.0511
51.4728 1.0324 17.0864
51.2326 1.72435 17.1214
50.9898 0.00339614 17.156
50.7444 1.0415 17.1902
50.4974 1.69433 17.2241
50.249 0.0166769 17.2577
50 1.05033 17.2908
49.751 1.6644 17.3237
49.5026 0.0303504 17.3561
49.2556 1.05885 17.3882
49.0102 1.63457 17.4199
48.7674 0.0444176 17.4513
48.5272 1.06708 17.4823
48.2905 1.60483 17.5129
48.0573 0.0588326 17.5431
47.8281 1.07504 17.573
47.6033 1.57519 17.6026
47.3825 0.0735895 17.6318
47.1667 1.08273 0
46.9554 1.54566 0.0226911
46.7486 0.0886825 0.0454008
46.547 1.09017 0.0681478
46.35 1.51623 0.0909503
46.1575 0.104106 0.113827
45.9696 1.09736 0.136795
45.7869 1.48692 0.159873
45.6085 0.119874 0.183077
45.4345 1.10428 0.206425
45.2648 1.45775 0.229933
45.0994 0.136028 0.253616
44.9384 1.1109 0.277491
44.7816 1.42871 0.301571
44.6288 0.152497 0.325871
44.4799 1.11728 0.350403
44.3347 0 0.375182
44.1934 1.99333 0.400218
44.0556 0 0.425524
43.9215 2.07516 0.45111
43.7908 2.11639 0.476986
43.6636 2.15783 0.503161
43.5397 2.19946 0.529644
43.419 2.24129 0.556443
43.3016 2.28329 0.583566
43.1872 2.32545 0.611018
43.0759 2.36778 0.638807
42.9676 2.41026 0.666938
42.8621 2.45289 0.695414
42.7596 2.49564 0.724242
42.6598 2.53852 0.753424
42.5627 2.58152 0.782964
42.4683 2.62462 0.812863
42.3765 2.66782 0.843125
42.2872 2.7111 0.87375
42.2006 2.75446 0.904741
42.1167 2.79789 0.936096
42.0351 2.84137 0.967817
41.956 2.88491 0.999904
41.8792 2.92848 1.03235
41.8047 2.97208 1.06517
41.7324 3.0157 1.09834
41.6623 3.05934 1.13188
41.5946 3.10297 1.16577
41.5294 3.14659 1.20002
41.4662 3.19019 1.23462
41.4051 3.23376 1.26957
41.346 3.2773 1.30486
41.289 3.32078 1.3405
41.2341 3.36421 1.37647
41.1815 3.40757 1.41277
41.1309 3.45086 1.4494
41.0822 3.49405 1.48636
41.0353 3.53715 1.52363
40.9904 3.58015 1.56121
40.9477 3.62303 1.59909
40.907 3.66578 1.63728
40.8681 3.70841 1.67576
40.831 3.75089 1.71452
40.7957 3.79322 1.75357
40.7625 3.83538 1.79289
40.7312 3.87738 1.83247
40.7017 3.91921 1.87232
40.6739 3.96084 1.91241
40.6479 4.00228 1.95275
40.624 4.04351 1.99333
40.6019 4.08454 2.03413
40.5815 4.12534 2.07516
40.5628 4.16592 2.11639
40.5457 4.20626 2.15783
40.5309 4.24635 2.19946
40.5178 4.2862 2.24129
40.5063 4.32578 2.28329
40.4964 4.3651 2.32545
40.4885 4.40415 2.36778
40.4825 4.44291 2.41026
40.4781 4.48139 2.45289
40.4753 4.51958 2.49564
40.4742 4.55746 2.53852
40.4753 4.59504 2.58152
40.4781 4.63231 2.62462
40.4825 4.66927 2.66782
40.4885 4.7059 2.7111
40.4964 4.7422 2.75446
40.5063 4.77817 2.79789
40.5178 4.81381 2.84137
40.5309 4.8491 2.88491
40.5457 4.88405 2.92848
40.5628 4.91865 2.97208
40.5815 4.9529 3.0157
40.6019 4.98679 3.05934
40.624 5.02033 3.10297
40.6479 5.0535 3.14659
40.6739 5.08632 3.19019
40.7017 5.11877 3.23376
40.7312 5.15085 3.2773
40.7625 5.18257 3.32078
40.7957 5.21393 3.36421
40.831 5.24492 3.40757
40.8681 5.27555 3.45086
40.907 5.30581 3.49405
40.9477 5.33571 3.53715
40.9904 5.36525 3.58015
41.0353 5.39443 3.62303
41.0822 5.42326 3.66578
41.1309 5.45173 3.70841
41.1815 5.47986 3.75089
41.2341 5.50765 3.79322
41.289 5.5351 3.83538
41.346 5.56223 3.87738
41.4051 5.58903 3.91921
41.4662 5.61551 3.96084
41.5294 5.64168 4.00228
41.5946 5.66756 4.04351
41.6623 5.69315 4.08454
41.7324 5.71845 4.12534
41.8047 5.74349 4.16592
41.8792 5.76827 4.20626
41.956 5.7928 4.24635
42.0351 5.8171 4.2862
42.1167 5.84118 4.32578
42.2006 5.86505 4.3651
42.2872 5.88874 4.40415
42.3765 5.91225 4.44291
42.4683 5.93559 4.48139
42.5627 5.9588 4.51958
42.6598 5.98188 4.55746
42.7596 6.00484 4.59504
42.8621 6.02772 4.63231
42.9676 6.05052 4.66927
43.0759 6.07327 4.7059
43.1872 6.09598 4.7422
43.3016 6.11867 4.77817
43.419 6.14136 4.81381
43.5397 6.16407 4.8491
43.6636 6.18682 4.88405
43.7908 6.20962 4.91865
43.9215 6.2325 4.9529
44.0556 6.25547 4.98679
44.1934 6.27854 5.02033
44.3347 6.30175 5.0535
44.4799 6.3251 5.08632
44.6288 6.3486 5.11877
44.7816 6.37229 5.15085
44.9384 6.39616 5.18257
45.0994 6.42024 5.21393
45.2648 6.44454 5.24492
45.4345 6.46907 5.27555
45.6085 6.49385 5.30581
45.7869 6.51889 5.33571
45.9696 6.54419 5.36525
46.1575 6.56978 5.39443
46.35 6.59566 5.42326
46.547 6.62183 5.45173
46.7486 6.64831 5.47986
46.9554 6.67511 5.50765
47.1667 6.70224 5.5351
47.3825 6.72969 5.56223
47.6033 6.75748 5.58903
47.8281 6.78561 5.61551
48.0573 6.81408 5.64168
48.2905 6.84291 5.66756
48.5272 6.87209 5.69315
48.7674 6.90163 5.71845
49.0102 6.93153 5.74349
49.2556 6.9618 5.76827
49.5026 6.99242 5.7928
49.751 7.02341 5.8171
50 7.05477 5.84118
50.249 7.08649 5.86505
50.4974 7.11857 5.88874
50.7444 7.15102 5.91225
50.9898 7.18384 5.93559
51.2326 7.21701 5.9588
51.4728 7.25055 5.98188
51.7095 7.28444 6.00484
51.9427 7.31869 6.02772
52.1719 7.35329 6.05052
52.3967 7.38824 6.07327
52.6175 7.42353 6.09598
52.8333 7.45917 6.11867
53.0446 7.49514 6.14136
53.2514 7.53144 6.16407
53.453 7.56807 6.18682
53.65 7.60503 6.20962
53.8425 7.6423 6.2325
54.0304 7.67988 6.25547
54.2131 7.71776 6.27854
54.3915 7.75595 6.30175
54.5655 7.79443 6.3251
54.7352 7.8332 6.3486
54.9006 7.87224 6.37229
55.0616 7.91156 6.39616
55.2184 7.95115 6.42024
55.3712 7.99099 6.44454
55.5201 8.03108 6.46907
55.6653 8.07142 6.49385
55.8066 8.112 6.51889
55.9444 8.1528 6.54419
56.0785 8.19383 6.56978
56.2092 8.23506 6.59566
56.3364 8.2765 6.62183
56.4603 8.31814 6.64831
56.581 8.35996 6.67511
56.6984 8.40196 6.70224
56.8128 8.44412 6.72969
56.9241 8.48645 6.75748
57.0324 8.52893 6.78561
57.1379 0 6.81408
57.2404 0.0226911 6.84291
57.3402 0.0454008 6.87209
57.4373 0.0681478 6.90163
57.5317 0.0909503 6.93153
57.6235 0.113827 6.9618
57.7128 0.136795 6.99242
57.7994 0.159873 7.02341
57.8833 0.183077 7.05477
57.9649 0.206425 7.08649
58.044 0.229933 7.11857
58.1208 0.253616 7.15102
58.1953 0.277491 7.18384
58.2676 0.301571 7.21701
58.3377 0.325871 7.25055
58.4054 0.350403 7.28444
58.4706 0.375182 7.31869
58.5338 0.400218 7.35329
58.5949 0.425524 7.38824
58.654 0.45111 7.42353
58.711 0.476986 7.45917
58.7659 0.503161 7.49514
58.8185 0.529644 7.53144
58.8691 0.556443 7.56807
58.9178 0.583566 7.60503
58.9647 0.611018 7.6423
59.0096 0.638807 7.67988
59.0523 0.666938 7.71776
59.093 0.695414 7.75595
59.1319 0.724242 7.79443
59.169 0.753424 7.8332
59.2043 0.782964 7.87224
59.2375 0.812863 7.91156
59.2688 0.843125 7.95115
59.2983 0.87375 7.99099
59.3261 0.904741 8.03108
59.3521 0.936096 8.07142
59.376 0.967817 8.112
59.3981 0.999904 8.1528
59.4185 1.03235 8.19383
59.4372 1.06517 8.23506
59.4543 1.09834 8.2765
59.4691 1.13188 8.31814
59.4822 1.16577 8.35996
59.4937 1.20002 8.40196
59.5036 1.23462 8.44412
59.5115 1.26957 8.48645
59.5175 1.30486 8.52893
59.5219 1.3405 8.57156
59.5247 1.37647 8.61431
59.5258 1.41277 8.65719
59.5247 1.4494 8.70019
59.5219 1.48636 8.74329
59.5175 1.52363 8.78649
59.5115 1.56121 8.82977
59.5036 1.59909 8.87313
59.4937 1.63728 8.91656
59.4822 1.67576 8.96004
59.4691 1.71452 9.00358
59.4543 1.75357 9.04715
59.4372 1.79289 9.09075
59.4185 1.83247 9.13437
59.3981 1.87232 9.17801
59.376 1.91241 9.22164
59.3521 1.95275 9.26526
59.3261 1.99333 9.30886
59.2983 2.03413 9.35243
59.2688 2.07516 9.39597
59.2375 2.11639 9.43945
59.2043 2.15783 9.48288
59.169 2.19946 9.52624
59.1319 2.24129 9.56953
59.093 2.28329 9.61272
59.0523 2.32545 9.65582
59.0096 2.36778 9.69882
58.9647 2.41026 9.7417
58.9178 2.45289 9.78445
58.8691 2.49564 9.82708
58.8185 2.53852 9.86956
58.7659 2.58152 9.91189
58.711 2.62462 9.95406
58.654 2.66782 9.99605
58.5949 2.7111 10.0379
58.5338 2.75446 10.0795
58.4706 2.79789 10.1209
58.4054 2.84137 10.1622
58.3377 2.88491 10.2032
58.2676 2.92848 10.244
58.1953 2.97208 10.2846
58.1208 3.0157 10.3249
58.044 3.05934 10.365
57.9649 3.10297 10.4049
57.8833 3.14659 10.4445
57.7994 3.19019 10.4838
57.7128 3.23376 10.5228
57.6235 3.2773 10.5616
57.5317 3.32078 10.6001
57.4373 3.36421 10.6382
57.3402 3.40757 10.6761
57.2404 3.45086 10.7137
57.1379 3.49405 10.751
57.0324 3.53715 10.7879
56.9241 3.58015 10.8246
56.8128 3.62303 10.8609
56.6984 3.66578 10.8968
56.581 3.70841 10.9325
56.4603 3.75089 10.9678
56.3364 3.79322 11.0027
56.2092 3.83538 11.0373
56.0785 3.87738 11.0716
55.9444 3.91921 11.1055
55.8066 3.96084 11.139
55.6653 4.00228 11.1722
55.5201 4.04351 11.205
55.3712 4.08454 11.2374
55.2184 4.12534 11.2695
55.0616 4.16592 11.3012
54.9006 4.20626 11.3326
54.7352 4.24635 11.3636
54.5655 4.2862 11.3942
54.3915 4.32578 11.4245
54.2131 4.3651 11.4544
54.0304 4.40415 11.4839
53.8425 4.44291 11.5131
53.65 4.48139 11.5419
53.453 4.51958 11.5704
53.2514 4.55746 11.5985
53.0446 4.59504 11.6263
52.8333 0 11.6538
52.6175 4.66927 11.6809
52.3967 0 11.7077
52.1719 4.7422 11.7342
51.9427 4.77817 11.7604
51.7095 4.81381 11.7862
51.4728 4.8491 11.8118
51.2326 4.88405 11.8371
50.9898 4.91865 11.8622
50.7444 4.9529 11.8869
50.4974 4.98679 11.9115
50.249 5.02033 11.9358
50 5.0535 11.9598
49.751 5.08632 11.9837
49.5026 5.11877 12.0074
49.2556 5.15085 12.0309
49.0102 5.18257 12.0543
48.7674 5.21393 12.0775
48.5272 5.24492 12.1005
48.2905 5.27555 12.1235
48.0573 5.30581 12.1464
47.8281 5.33571 12.1692
47.6033 5.36525 12.1919
47.3825 5.39443 12.2146
47.1667 5.42326 12.2373
46.9554 5.45173 12.26
46.7486 5.47986 12.2827
46.547 5.50765 12.3055
46.35 5.5351 12.3283
46.1575 5.56223 12.3512
45.9696 5.58903 12.3741
45.7869 5.61551 12.3972
45.6085 5.64168 12.4204
45.4345 5.66756 12.4438
45.2648 5.69315 12.4673
45.0994 5.71845 12.491
44.9384 5.74349 12.5148
44.7816 5.76827 12.5389
44.6288 5.7928 12.5632
44.4799 5.8171 12.5877
44.3347 5.84118 12.6125
44.1934 5.86505 12.6376
44.0556 5.88874 12.6629
43.9215 5.91225 12.6885
43.7908 5.93559 12.7143
43.6636 5.9588 12.7405
43.5397 5.98188 12.767
43.419 6.00484 12.7938
43.3016 6.02772 12.8209
43.1872 6.05052 12.8484
43.0759 6.07327 12.8761
42.9676 6.09598 12.9043
42.8621 6.11867 12.9328
42.7596 6.14136 12.9616
42.6598 6.16407 12.9908
42.5627 6.18682 13.0203
42.4683 6.20962 13.0502
42.3765 6.2325 13.0805
42.2872 6.25547 13.1111
42.2006 6.27854 13.1421
42.1167 6.30175 13.1734
42.0351 6.3251 13.2052
41.956 6.3486 13.2372
41.8792 6.37229 13.2697
41.8047 6.39616 13.3025
41.7324 6.42024 13.3357
41.6623 6.44454 13.3692
41.5946 6.46907 13.4031
41.5294 6.49385 13.4374
41.4662 6.51889 13.472
41.4051 6.54419 13.5069
41.346 6.56978 13.5422
41.289 6.59566 13.5778
41.2341 6.62183 13.6138
41.1815 6.64831 13.6501
41.1309 6.67511 13.6867
41.0822 6.70224 13.7237
41.0353 6.72969 13.761
40.9904 6.75748 13.7985
40.9477 6.78561 13.8364
40.907 6.81408 13.8746
40.8681 6.84291 13.9131
40.831 6.87209 13.9519
40.7957 6.90163 13.9909
40.7625 6.93153 14.0302
40.7312 6.9618 14.0698
40.7017 6.99242 14.1097
40.6739 7.02341 14.1498
40.6479 7.05477 14.1901
40.624 7.08649 14.2307
40.6019 7.11857 14.2715
40.5815 7.15102 14.3125
40.5628 7.18384 14.3537
40.5457 7.21701 14.3952
40.5309 7.25055 14.4368
40.5178 7.28444 14.4786
40.5063 7.31869 14.5206
40.4964 7.35329 14.5628
40.4885 7.38824 14.6051
40.4825 7.42353 14.6476
40.4781 7.45917 14.6902
40.4753 7.49514 14.733
40.4742 7.53144 14.7759
40.4753 7.56807 14.8189
40.4781 7.60503 14.862
40.4825 7.6423 14.9052
40.4885 7.67988 14.9484
40.4964 7.71776 14.9918
40.5063 7.75595 15.0352
40.5178 7.79443 15.0787
40.5309 7.8332 15.1222
40.5457 7.87224 15.1658
40.5628 7.91156 15.2094
40.5815 7.95115 15.253
40.6019 7.99099 15.2967
40.624 8.03108 15.3403
40.6479 8.07142 15.3839
40.6739 8.112 15.4275
40.7017 8.1528 15.4711
40.7312 8.19383 15.5146
40.7625 8.23506 15.5581
40.7957 8.2765 15.6016
40.831 8.31814 15.6449
40.8681 8.35996 15.6882
40.907 8.40196 15.7314
40.9477 8.44412 15.7745
40.9904 8.48645 15.8175
41.0353 8.52893 15.8604
41.0822 8.57156 15.9031
41.1309 8.61431 15.9457
41.1815 8.65719 15.9882
41.2341 8.70019 16.0306
41.289 8.74329 16.0727
41.346 8.78649 16.1147
41.4051 8.82977 16.1565
41.4662 8.87313 16.1982
41.5294 8.91656 16.2396
41.5946 8.96004 16.2809
41.6623 9.00358 16.3219
41.7324 9.04715 16.3627
41.8047 9.09075 16.4033
41.8792 9.13437 16.4436
41.956 9.17801 16.4837
42.0351 9.22164 16.5235
42.1167 9.26526 16.5631
42.2006 9.30886 16.6024
42.2872 9.35243 16.6415
42.3765 9.39597 16.6803
42.4683 9.43945 16.7187
42.5627 9.48288 16.7569
42.6598 9.52624 16.7948
42.7596 9.56953 16.8324
42.8621 9.61272 16.8697
42.9676 9.65582 16.9066
43.0759 9.69882 16.9432
43.1872 9.7417 16.9795
43.3016 9.78445 17.0155
43.419 9.82708 17.0511
43.5397 9.86956 17.0864
43.6636 9.91189 17.1214
43.7908 9.95406 17.156
43.9215 9.99605 17.1902
44.0556 10.0379 17.2241
44.1934 10.0795 17.2577
44.3347 10.1209 17.2908
44.4799 10.1622 17.3237
44.6288 10.2032 17.3561
44.7816 10.244 17.3882
44.9384 10.2846 17.4199
45.0994 10.3249 17.4513
45.2648 10.365 17.4823
45.4345 10.4049 17.5129
45.6085 10.4445 17.5431
45.7869 10.4838 17.573
45.9696 10.5228 17.6026
46.1575 10.5616 17.6318
46.35 10.6001 17.6606
46.547 10.6382 17.6891
46.7486 10.6761 17.7172
46.9554 10.7137 17.745
47.1667 10.751 17.7724
47.3825 10.7879 17.7996
47.6033 10.8246 17.8264
47.8281 10.8609 17.8529
48.0573 10.8968 17.879
48.2905 10.9325 17.9049
48.5272 10.9678 17.9305
48.7674 11.0027 17.9558
49.0102 11.0373 17.9808
49.2556 11.0716 18.0056
49.5026 11.1055 18.0301
49.751 11.139 18.0544
