720
-173.592 40 60.5743
-173.592 40.3081 60.5727
-173.592 40.6161 60.5679
-173.592 40.9239 60.5598
-173.592 41.2316 60.5486
-173.592 41.539 60.5341
-173.592 41.846 60.5164
-173.592 42.1526 60.4955
-173.592 42.4587 60.4714
-173.591 42.7643 60.4442
-173.591 43.0692 60.4137
-173.591 43.3734 60.3801
-173.59 43.6769 60.3433
-173.59 43.9795 60.3033
-173.589 44.2813 60.2602
-173.588 44.5821 60.214
-173.587 44.8818 60.1647
-173.586 45.1805 60.1123
-173.585 45.4779 60.0568
-173.583 45.7742 59.9982
-173.582 46.0692 59.9366
-173.58 46.3628 59.872
-173.577 46.655 59.8044
-173.575 46.9457 59.7337
-173.572 47.2349 59.6601
-173.569 47.5225 59.5836
-173.565 47.8084 59.5042
-173.561 48.0926 59.4218
-173.556 48.375 59.3366
-173.552 48.6556 59.2485
-173.546 48.9343 59.1576
-173.54 49.2111 59.064
-173.534 49.4859 58.9675
-173.526 49.7586 58.8684
-173.519 50.0292 58.7665
-173.51 50.2977 58.662
-173.501 50.564 58.5548
-173.491 50.828 58.445
-173.481 51.0897 58.3327
-173.469 51.3491 58.2178
-173.457 51.6061 58.1004
-173.444 51.8607 57.9806
-173.429 52.1128 57.8583
-173.414 52.3624 57.7336
-173.398 52.6095 57.6065
-173.381 52.8539 57.4772
-173.363 53.0958 57.3456
-173.343 53.3349 57.2117
-173.323 53.5714 57.0756
-173.301 53.8051 56.9374
-173.278 54.0361 56.7971
-173.253 54.2643 56.6546
-173.227 54.4897 56.5102
-173.2 54.7122 56.3638
-173.172 54.9318 56.2154
-173.142 55.1486 56.0652
-173.11 55.3624 55.9131
-173.077 55.5733 55.7592
-173.042 55.7812 55.6035
-173.005 55.9861 55.4462
-172.967 56.1881 55.2872
-172.927 56.387 55.1265
-172.885 56.5829 54.9644
-172.842 56.7757 54.8006
-172.796 56.9655 54.6355
-172.749 57.1522 54.4689
-172.7 57.3358 54.301
-172.648 57.5164 54.1317
-172.595 57.6939 53.9612
-172.539 57.8683 53.7895
-172.482 58.0396 53.6166
-172.422 58.2077 53.4427
-172.36 58.3728 53.2677
-172.296 58.5348 53.0916
-172.229 58.6937 52.9147
-172.16 58.8496 52.7368
-172.089 59.0023 52.5582
-172.015 59.1519 52.3787
-171.939 59.2985 52.1985
-171.861 59.4421 52.0177
-171.78 59.5825 51.8362
-171.696 59.72 51.6542
-171.61 59.8544 51.4717
-171.521 59.9858 51.2887
-171.429 60.1142 51.1053
-171.335 60.2397 50.9216
-171.238 60.3622 50.7376
-171.139 60.4817 50.5534
-171.036 60.5984 50.369
-170.931 60.7121 50.1845
-170.823 60.823 50
-170.712 60.931 49.8155
-170.598 61.0362 49.631
-170.482 61.1386 49.4466
-170.362 61.2383 49.2624
-170.24 61.3352 49.0784
-170.114 61.4293 48.8947
-169.986 61.5209 48.7113
-169.854 61.6097 48.5283
-169.72 61.696 48.3458
-169.583 61.7796 48.1638
-169.442 61.8607 47.9823
-169.299 61.9393 47.8015
-169.152 62.0154 47.6213
-169.002 62.0891 47.4418
-168.85 62.1604 47.2632
-168.694 62.2292 47.0853
-168.535 62.2958 46.9084
-168.373 62.3601 46.7323
-168.208 62.4221 46.5573
-168.04 62.4819 46.3834
-167.868 62.5395 46.2105
-167.694 62.595 46.0388
-167.516 62.6484 45.8683
-167.336 62.6997 45.699
-167.152 62.7491 45.5311
-166.965 62.7964 45.3645
-166.776 62.8419 45.1994
-166.583 62.8855 45.0356
-166.387 62.9272 44.8735
-166.188 62.9671 44.7128
-165.986 63.0053 44.5538
-165.781 63.0418 44.3965
-165.573 63.0767 44.2408
-165.362 63.1099 44.0869
-165.149 63.1415 43.9348
-164.932 63.1716 43.7846
-164.712 63.2002 43.6362
-164.49 63.2274 43.4898
-164.264 63.2532 43.3454
-164.036 63.2776 43.2029
-163.805 63.3007 43.0626
-163.571 63.3226 42.9244
-163.335 63.3432 42.7883
-163.096 63.3627 42.6544
-162.854 63.381 42.5228
-162.609 63.3982 42.3935
-162.362 63.4143 42.2664
-162.113 63.4294 42.1417
-161.861 63.4436 42.0194
-161.606 63.4568 41.8996
-161.349 63.4692 41.7822
-161.09 63.4806 41.6673
-160.828 63.4913 41.555
-160.564 63.5012 41.4452
-160.298 63.5103 41.338
-160.029 63.5187 41.2335
-159.759 63.5265 41.1316
-159.486 63.5336 41.0325
-159.211 63.5402 40.936
-158.934 63.5461 40.8424
-158.656 63.5516 40.7515
-158.375 63.5565 40.6634
-158.093 63.561 40.5782
-157.808 63.565 40.4958
-157.522 63.5686 40.4164
-157.235 63.5719 40.3399
-156.946 63.5747 40.2663
-156.655 63.5773 40.1956
-156.363 63.5796 40.128
-156.069 63.5816 40.0634
-155.774 63.5833 40.0018
-155.478 63.5848 39.9432
-155.18 63.5861 39.8877
-154.882 63.5872 39.8353
-154.582 63.5882 39.786
-154.281 63.589 39.7398
-153.98 63.5897 39.6967
-153.677 63.5902 39.6567
-153.373 63.5907 39.6199
-153.069 63.591 39.5863
-152.764 63.5913 39.5558
-152.459 63.5916 39.5286
-152.153 63.5918 39.5045
-151.846 63.5919 39.4836
-151.539 63.592 39.4659
-151.232 63.5921 39.4514
-150.924 63.5921 39.4402
-150.616 63.5922 39.4321
-150.308 63.5922 39.4273
-150 63.5922 39.4257
-149.692 63.5922 39.4273
-149.384 63.5922 39.4321
-149.076 63.5921 39.4402
-148.768 63.5921 39.4514
-148.461 63.592 39.4659
-148.154 63.5919 39.4836
-147.847 63.5918 39.5045
-147.541 63.5916 39.5286
-147.236 63.5913 39.5558
-146.931 63.591 39.5863
-146.627 63.5907 39.6199
-146.323 63.5902 39.6567
-146.02 63.5897 39.6967
-145.719 63.589 39.7398
-145.418 63.5882 39.786
-145.118 63.5872 39.8353
-144.82 63.5861 39.8877
-144.522 63.5848 39.9432
-144.226 63.5833 40.0018
-143.931 63.5816 40.0634
-143.637 63.5796 40.128
-143.345 63.5773 40.1956
-143.054 63.5747 40.2663
-142.765 63.5719 40.3399
-142.478 63.5686 40.4164
-142.192 63.565 40.4958
-141.907 63.561 40.5782
-141.625 63.5565 40.6634
-141.344 63.5516 40.7515
-141.066 63.5461 40.8424
-140.789 63.5402 40.936
-140.514 63.5336 41.0325
-140.241 63.5265 41.1316
-139.971 63.5187 41.2335
-139.702 63.5103 41.338
-139.436 63.5012 41.4452
-139.172 63.4913 41.555
-138.91 63.4806 41.6673
-138.651 63.4692 41.7822
-138.394 63.4568 41.8996
-138.139 63.4436 42.0194
-137.887 63.4294 42.1417
-137.638 63.4143 42.2664
-137.391 63.3982 42.3935
-137.146 63.381 42.5228
-136.904 63.3627 42.6544
-136.665 63.3432 42.7883
-136.429 63.3226 42.9244
-136.195 63.3007 43.0626
-135.964 63.2776 43.2029
-135.736 63.2532 43.3454
-135.51 63.2274 43.4898
-135.288 63.2002 43.6362
-135.068 63.1716 43.7846
-134.851 63.1415 43.9348
-134.638 63.1099 44.0869
-134.427 63.0767 44.2408
-134.219 63.0418 44.3965
-134.014 63.0053 44.5538
-133.812 62.9671 44.7128
-133.613 62.9272 44.8735
-133.417 62.8855 45.0356
-133.224 62.8419 45.1994
-133.035 62.7964 45.3645
-132.848 62.7491 45.5311
-132.664 62.6997 45.699
-132.484 62.6484 45.8683
-132.306 62.595 46.0388
-132.132 62.5395 46.2105
-131.96 62.4819 46.3834
-131.792 62.4221 46.5573
-131.627 62.3601 46.7323
-131.465 62.2958 46.9084
-131.306 62.2292 47.0853
-131.15 62.1604 47.2632
-130.998 62.0891 47.4418
-130.848 62.0154 47.6213
-130.701 61.9393 47.8015
-130.558 61.8607 47.9823
-130.417 61.7796 48.1638
-130.28 61.696 48.3458
-130.146 61.6097 48.5283
-130.014 61.5209 48.7113
-129.886 61.4293 48.8947
-129.76 61.3352 49.0784
-129.638 61.2383 49.2624
-129.518 61.1386 49.4466
-129.402 61.0362 49.631
-129.288 60.931 49.8155
-129.177 60.823 50
-129.069 60.7121 50.1845
-128.964 60.5984 50.369
-128.861 60.4817 50.5534
-128.762 60.3622 50.7376
-128.665 60.2397 50.9216
-128.571 60.1142 51.1053
-128.479 59.9858 51.2887
-128.39 59.8544 51.4717
-128.304 59.72 51.6542
-128.22 59.5825 51.8362
-128.139 59.4421 52.0177
-128.061 59.2985 52.1985
-127.985 59.1519 52.3787
-127.911 59.0023 52.5582
-127.84 58.8496 52.7368
-127.771 58.6937 52.9147
-127.704 58.5348 53.0916
-127.64 58.3728 53.2677
-127.578 58.2077 53.4427
-127.518 58.0396 53.6166
-127.461 57.8683 53.7895
-127.405 57.6939 53.9612
-127.352 57.5164 54.1317
-127.3 57.3358 54.301
-127.251 57.1522 54.4689
-127.204 56.9655 54.6355
-127.158 56.7757 54.8006
-127.115 56.5829 54.9644
-127.073 56.387 55.1265
-127.033 56.1881 55.2872
-126.995 55.9861 55.4462
-126.958 55.7812 55.6035
-126.923 55.5733 55.7592
-126.89 55.3624 55.9131
-126.858 55.1486 56.0652
-126.828 54.9318 56.2154
-126.8 54.7122 56.3638
-126.773 54.4897 56.5102
-126.747 54.2643 56.6546
-126.722 54.0361 56.7971
-126.699 53.8051 56.9374
-126.677 53.5714 57.0756
-126.657 53.3349 57.2117
-126.637 53.0958 57.3456
-126.619 52.8539 57.4772
-126.602 52.6095 57.6065
-126.586 52.3624 57.7336
-126.571 52.1128 57.8583
-126.556 51.8607 57.9806
-126.543 51.6061 58.1004
-126.531 51.3491 58.2178
-126.519 51.0897 58.3327
-126.509 50.828 58.445
-126.499 50.564 58.5548
-126.49 50.2977 58.662
-126.481 50.0292 58.7665
-126.474 49.7586 58.8684
-126.466 49.4859 58.9675
-126.46 49.2111 59.064
-126.454 48.9343 59.1576
-126.448 48.6556 59.2485
-126.444 48.375 59.3366
-126.439 48.0926 59.4218
-126.435 47.8084 59.5042
-126.431 47.5225 59.5836
-126.428 47.2349 59.6601
-126.425 46.9457 59.7337
-126.423 46.655 59.8044
-126.42 46.3628 59.872
-126.418 46.0692 59.9366
-126.417 45.7742 59.9982
-126.415 45.4779 60.0568
-126.414 45.1805 60.1123
-126.413 44.8818 60.1647
-126.412 44.5821 60.214
-126.411 44.2813 60.2602
-126.41 43.9795 60.3033
-126.41 43.6769 60.3433
-126.409 43.3734 60.3801
-126.409 43.0692 60.4137
-126.409 42.7643 60.4442
-126.408 42.4587 60.4714
-126.408 42.1526 60.4955
-126.408 41.846 60.5164
-126.408 41.539 60.5341
-126.408 41.2316 60.5486
-126.408 40.9239 60.5598
-126.408 40.6161 60.5679
-126.408 40.3081 60.5727
-126.408 40 60.5743
-126.408 39.6919 60.5727
-126.408 39.3839 60.5679
-126.408 39.0761 60.5598
-126.408 38.7684 60.5486
-126.408 38.461 60.5341
-126.408 38.154 60.5164
-126.408 37.8474 60.4955
-126.408 37.5413 60.4714
-126.409 37.2357 60.4442
-126.409 36.9308 60.4137
-126.409 36.6266 60.3801
-126.41 36.3231 60.3433
-126.41 36.0205 60.3033
-126.411 35.7187 60.2602
-126.412 35.4179 60.214
-126.413 35.1182 60.1647
-126.414 34.8195 60.1123
-126.415 34.5221 60.0568
-126.417 34.2258 59.9982
-126.418 33.9308 59.9366
-126.42 33.6372 59.872
-126.423 33.345 59.8044
-126.425 33.0543 59.7337
-126.428 32.7651 59.6601
-126.431 32.4775 59.5836
-126.435 32.1916 59.5042
-126.439 31.9074 59.4218
-126.444 31.625 59.3366
-126.448 31.3444 59.2485
-126.454 31.0657 59.1576
-126.46 30.7889 59.064
-126.466 30.5141 58.9675
-126.474 30.2414 58.8684
-126.481 29.9708 58.7665
-126.49 29.7023 58.662
-126.499 29.436 58.5548
-126.509 29.172 58.445
-126.519 28.9103 58.3327
-126.531 28.6509 58.2178
-126.543 28.3939 58.1004
-126.556 28.1393 57.9806
-126.571 27.8872 57.8583
-126.586 27.6376 57.7336
-126.602 27.3905 57.6065
-126.619 27.1461 57.4772
-126.637 26.9042 57.3456
-126.657 26.6651 57.2117
-126.677 26.4286 57.0756
-126.699 26.1949 56.9374
-126.722 25.9639 56.7971
-126.747 25.7357 56.6546
-126.773 25.5103 56.5102
-126.8 25.2878 56.3638
-126.828 25.0682 56.2154
-126.858 24.8514 56.0652
-126.89 24.6376 55.9131
-126.923 24.4267 55.7592
-126.958 24.2188 55.6035
-126.995 24.0139 55.4462
-127.033 23.8119 55.2872
-127.073 23.613 55.1265
-127.115 23.4171 54.9644
-127.158 23.2243 54.8006
-127.204 23.0345 54.6355
-127.251 22.8478 54.4689
-127.3 22.6642 54.301
-127.352 22.4836 54.1317
-127.405 22.3061 53.9612
-127.461 22.1317 53.7895
-127.518 21.9604 53.6166
-127.578 21.7923 53.4427
-127.64 21.6272 53.2677
-127.704 21.4652 53.0916
-127.771 21.3063 52.9147
-127.84 21.1504 52.7368
-127.911 20.9977 52.5582
-127.985 20.8481 52.3787
-128.061 20.7015 52.1985
-128.139 20.5579 52.0177
-128.22 20.4175 51.8362
-128.304 20.28 51.6542
-128.39 20.1456 51.4717
-128.479 20.0142 51.2887
-128.571 19.8858 51.1053
-128.665 19.7603 50.9216
-128.762 19.6378 50.7376
-128.861 19.5183 50.5534
-128.964 19.4016 50.369
-129.069 19.2879 50.1845
-129.177 19.177 50
-129.288 19.069 49.8155
-129.402 18.9638 49.631
-129.518 18.8614 49.4466
-129.638 18.7617 49.2624
-129.76 18.6648 49.0784
-129.886 18.5707 48.8947
-130.014 18.4791 48.7113
-130.146 18.3903 48.5283
-130.28 18.304 48.3458
-130.417 18.2204 48.1638
-130.558 18.1393 47.9823
-130.701 18.0607 47.8015
-130.848 17.9846 47.6213
-130.998 17.9109 47.4418
-131.15 17.8396 47.2632
-131.306 17.7708 47.0853
-131.465 17.7042 46.9084
-131.627 17.6399 46.7323
-131.792 17.5779 46.5573
-131.96 17.5181 46.3834
-132.132 17.4605 46.2105
-132.306 17.405 46.0388
-132.484 17.3516 45.8683
-132.664 17.3003 45.699
-132.848 17.2509 45.5311
-133.035 17.2036 45.3645
-133.224 17.1581 45.1994
-133.417 17.1145 45.0356
-133.613 17.0728 44.8735
-133.812 17.0329 44.7128
-134.014 16.9947 44.5538
-134.219 16.9582 44.3965
-134.427 16.9233 44.2408
-134.638 16.8901 44.0869
-134.851 16.8585 43.9348
-135.068 16.8284 43.7846
-135.288 16.7998 43.6362
-135.51 16.7726 43.4898
-135.736 16.7468 43.3454
-135.964 16.7224 43.2029
-136.195 16.6993 43.0626
-136.429 16.6774 42.9244
-136.665 16.6568 42.7883
-136.904 16.6373 42.6544
-137.146 16.619 42.5228
-137.391 16.6018 42.3935
-137.638 16.5857 42.2664
-137.887 16.5706 42.1417
-138.139 16.5564 42.0194
-138.394 16.5432 41.8996
-138.651 16.5308 41.7822
-138.91 16.5194 41.6673
-139.172 16.5087 41.555
-139.436 16.4988 41.4452
-139.702 16.4897 41.338
-139.971 16.4813 41.2335
-140.241 16.4735 41.1316
-140.514 16.4664 41.0325
-140.789 16.4598 40.936
-141.066 16.4539 40.8424
-141.344 16.4484 40.7515
-141.625 16.4435 40.6634
-141.907 16.439 40.5782
-142.192 16.435 40.4958
-142.478 16.4314 40.4164
-142.765 16.4281 40.3399
-143.054 16.4253 40.2663
-143.345 16.4227 40.1956
-143.637 16.4204 40.128
-143.931 16.4184 40.0634
-144.226 16.4167 40.0018
-144.522 16.4152 39.9432
-144.82 16.4139 39.8877
-145.118 16.4128 39.8353
-145.418 16.4118 39.786
-145.719 16.411 39.7398
-146.02 16.4103 39.6967
-146.323 16.4098 39.6567
-146.627 16.4093 39.6199
-146.931 16.409 39.5863
-147.236 16.4087 39.5558
-147.541 16.4084 39.5286
-147.847 16.4082 39.5045
-148.154 16.4081 39.4836
-148.461 16.408 39.4659
-148.768 16.4079 39.4514
-149.076 16.4079 39.4402
-149.384 16.4078 39.4321
-149.692 16.4078 39.4273
-150 16.4078 39.4257
-150.308 16.4078 39.4273
-150.616 16.4078 39.4321
-150.924 16.4079 39.4402
-151.232 16.4079 39.4514
-151.539 16.408 39.4659
-151.846 16.4081 39.4836
-152.153 16.4082 39.5045
-152.459 16.4084 39.5286
-152.764 16.4087 39.5558
-153.069 16.409 39.5863
-153.373 16.4093 39.6199
-153.677 16.4098 39.6567
-153.98 16.4103 39.6967
-154.281 16.411 39.7398
-154.582 16.4118 39.786
-154.882 16.4128 39.8353
-155.18 16.4139 39.8877
-155.478 16.4152 39.9432
-155.774 16.4167 40.0018
-156.069 16.4184 40.0634
-156.363 16.4204 40.128
-156.655 16.4227 40.1956
-156.946 16.4253 40.2663
-157.235 16.4281 40.3399
-157.522 16.4314 40.4164
-157.808 16.435 40.4958
-158.093 16.439 40.5782
-158.375 16.4435 40.6634
-158.656 16.4484 40.7515
-158.934 16.4539 40.8424
-159.211 16.4598 40.936
-159.486 16.4664 41.0325
-159.759 16.4735 41.1316
-160.029 16.4813 41.2335
-160.298 16.4897 41.338
-160.564 16.4988 41.4452
-160.828 16.5087 41.555
-161.09 16.5194 41.6673
-161.349 16.5308 41.7822
-161.606 16.5432 41.8996
-161.861 16.5564 42.0194
-162.113 16.5706 42.1417
-162.362 16.5857 42.2664
-162.609 16.6018 42.3935
-162.854 16.619 42.5228
-163.096 16.6373 42.6544
-163.335 16.6568 42.7883
-163.571 16.6774 42.9244
-163.805 16.6993 43.0626
-164.036 16.7224 43.2029
-164.264 16.7468 43.3454
-164.49 16.7726 43.4898
-164.712 16.7998 43.6362
-164.932 16.8284 43.7846
-165.149 16.8585 43.9348
-165.362 16.8901 44.0869
-165.573 16.9233 44.2408
-165.781 16.9582 44.3965
-165.986 16.9947 44.5538
-166.188 17.0329 44.7128
-166.387 17.0728 44.8735
-166.583 17.1145 45.0356
-166.776 17.1581 45.1994
-166.965 17.2036 45.3645
-167.152 17.2509 45.5311
-167.336 17.3003 45.699
-167.516 17.3516 45.8683
-167.694 17.405 46.0388
-167.868 17.4605 46.2105
-168.04 17.5181 46.3834
-168.208 17.5779 46.5573
-168.373 17.6399 46.7323
-168.535 17.7042 46.9084
-168.694 17.7708 47.0853
-168.85 17.8396 47.2632
-169.002 17.9109 47.4418
-169.152 17.9846 47.6213
-169.299 18.0607 47.8015
-169.442 18.1393 47.9823
-169.583 18.2204 48.1638
-169.72 18.304 48.3458
-169.854 18.3903 48.5283
-169.986 18.4791 48.7113
-170.114 18.5707 48.8947
-170.24 18.6648 49.0784
-170.362 18.7617 49.2624
-170.482 18.8614 49.4466
-170.598 18.9638 49.631
-170.712 19.069 49.8155
-170.823 19.177 50
-170.931 19.2879 50.1845
-171.036 19.4016 50.369
-171.139 19.5183 50.5534
-171.238 19.6378 50.7376
-171.335 19.7603 50.9216
-171.429 19.8858 51.1053
-171.521 20.0142 51.2887
-171.61 20.1456 51.4717
-171.696 20.28 51.6542
-171.78 20.4175 51.8362
-171.861 20.5579 52.0177
-171.939 20.7015 52.1985
-172.015 20.8481 52.3787
-172.089 20.9977 52.5582
-172.16 21.1504 52.7368
-172.229 21.3063 52.9147
-172.296 21.4652 53.0916
-172.36 21.6272 53.2677
-172.422 21.7923 53.4427
-172.482 21.9604 53.6166
-172.539 22.1317 53.7895
-172.595 22.3061 53.9612
-172.648 22.4836 54.1317
-172.7 22.6642 54.301
-172.749 22.8478 54.4689
-172.796 23.0345 54.6355
-172.842 23.2243 54.8006
-172.885 23.4171 54.9644
-172.927 23.613 55.1265
-172.967 23.8119 55.2872
-173.005 24.0139 55.4462
-173.042 24.2188 55.6035
-173.077 24.4267 55.7592
-173.11 24.6376 55.9131
-173.142 24.8514 56.0652
-173.172 25.0682 56.2154
-173.2 25.2878 56.3638
-173.227 25.5103 56.5102
-173.253 25.7357 56.6546
-173.278 25.9639 56.7971
-173.301 26.1949 56.9374
-173.323 26.4286 57.0756
-173.343 26.6651 57.2117
-173.363 26.9042 57.3456
-173.381 27.1461 57.4772
-173.398 27.3905 57.6065
-173.414 27.6376 57.7336
-173.429 27.8872 57.8583
-173.444 28.1393 57.9806
-173.457 28.3939 58.1004
-173.469 28.6509 58.2178
-173.481 28.9103 58.3327
-173.491 29.172 58.445
-173.501 29.436 58.5548
-173.51 29.7023 58.662
-173.519 29.9708 58.7665
-173.526 30.2414 58.8684
-173.534 30.5141 58.9675
-173.54 30.7889 59.064
-173.546 31.0657 59.1576
-173.552 31.3444 59.2485
-173.556 31.625 59.3366
-173.561 31.9074 59.4218
-173.565 32.1916 59.5042
-173.569 32.4775 59.5836
-173.572 32.7651 59.6601
-173.575 33.0543 59.7337
-173.577 33.345 59.8044
-173.58 33.6372 59.872
-173.582 33.9308 59.9366
-173.583 34.2258 59.9982
-173.585 34.5221 60.0568
-173.586 34.8195 60.1123
-173.587 35.1182 60.1647
-173.588 35.4179 60.214
-173.589 35.7187 60.2602
-173.59 36.0205 60.3033
-173.59 36.3231 60.3433
-173.591 36.6266 60.3801
-173.591 36.9308 60.4137
-173.591 37.2357 60.4442
-173.592 37.5413 60.4714
-173.592 37.8474 60.4955
-173.592 38.154 60.5164
-173.592 38.461 60.5341
-173.592 38.7684 60.5486
-173.592 39.0761 60.5598
-173.592 39.3839 60.5679
-173.592 39.6919 60.5727
40 60.5743 6.02647e-312
40.3081 60.5727 5.77183e-312
40.6161 60.5679 5.79305e-312
40.9239 60.5598 6.04769e-312
41.2316 60.5486 5.79305e-312
41.539 60.5341 5.81427e-312
41.846 60.5164 6.06891e-312
42.1526 60.4955 5.81427e-312
42.4587 60.4714 5.83549e-312
42.7643 60.4442 6.09013e-312
43.0692 60.4137 5.83549e-312
43.3734 60.3801 5.60207e-312
43.6769 60.3433 6.11135e-312
43.9795 60.3033 5.85671e-312
44.2813 60.2602 5.87793e-312
44.5821 60.214 6.13257e-312
44.8818 60.1647 4.58224e-72
45.1805 60.1123 5.03284e-38
45.4779 60.0568 1.38532e-259
45.7742 59.9982 2.99855
46.0692 59.9366 -0.0130571
46.3628 59.872 0.031362
46.655 59.8044 2.99625
46.9457 59.7337 -0.0260432
47.2349 59.6601 0.0626536
47.5225 59.5836 2.99149
47.8084 59.5042 -0.0388548
48.0926 59.4218 0.0937725
48.375 59.3366 2.98511
48.6556 59.2485 -0.0514583
48.9343 59.1576 0.124686
49.2111 59.064 2.97681
49.4859 58.9675 -0.0637304
49.7586 58.8684 0.155273
50.0292 58.7665 2.96695
50.2977 58.662 -0.0756675
50.564 58.5548 0.185531
50.828 58.445 2.95537
51.0897 58.3327 -0.0871529
51.3491 58.2178 0.215347
51.6061 58.1004 2.94231
51.8607 57.9806 -0.0981849
52.1128 57.8583 0.244723
52.3624 57.7336 2.92779
52.6095 57.6065 -0.108698
52.8539 57.4772 0.273597
53.0958 57.3456 2.91185
53.3349 57.2117 -0.118641
53.5714 57.0756 0.301923
53.8051 56.9374 2.89473
54.0361 56.7971 -0.128046
54.2643 56.6546 0.329736
54.4897 56.5102 2.87629
54.7122 56.3638 -0.136786
54.9318 56.2154 0.356918
55.1486 56.0652 2.85678
55.3624 55.9131 -0.144926
55.5733 55.7592 0.383535
55.7812 55.6035 2.8363
55.9861 55.4462 -0.152466
56.1881 55.2872 0.409593
56.387 55.1265 2.81477
56.5829 54.9644 -0.159296
56.7757 54.8006 0.434992
56.9655 54.6355 2.79239
57.1522 54.4689 -0.165491
57.3358 54.301 0.459808
57.5164 54.1317 2.76923
57.6939 53.9612 -0.171061
57.8683 53.7895 0.484054
58.0396 53.6166 2.74533
58.2077 53.4427 -0.17599
58.3728 53.2677 0.507719
58.5348 53.0916 2.72069
58.6937 52.9147 -0.180205
58.8496 52.7368 0.530744
59.0023 52.5582 2.69544
59.1519 52.3787 -0.183795
59.2985 52.1985 0.553214
59.4421 52.0177 2.66963
59.5825 51.8362 -0.186762
59.72 51.6542 0.575133
59.8544 51.4717 2.64331
59.9858 51.2887 -0.18911
60.1142 51.1053 0.59651
60.2397 50.9216 2.61651
60.3622 50.7376 -0.190843
60.4817 50.5534 0.617353
60.5984 50.369 2.58925
60.7121 50.1845 -0.19192
60.823 50 0.637631
60.931 49.8155 2.56159
61.0362 49.631 -0.192381
61.1386 49.4466 0.657382
61.2383 49.2624 2.53358
61.3352 49.0784 -0.192253
61.4293 48.8947 0.676633
61.5209 48.7113 2.50524
61.6097 48.5283 -0.191542
61.696 48.3458 0.695393
61.7796 48.1638 2.47661
61.8607 47.9823 -0.190258
61.9393 47.8015 0.713673
62.0154 47.6213 2.44772
62.0891 47.4418 -0.188407
62.1604 47.2632 0.731483
62.2292 47.0853 2.41859
62.2958 46.9084 -0.185998
62.3601 46.7323 0.748832
62.4221 46.5573 2.38925
62.4819 46.3834 -0.183041
62.5395 46.2105 0.765732
62.595 46.0388 2.35971
62.6484 45.8683 -0.179545
62.6997 45.699 0.782192
62.7491 45.5311 2.33001
62.7964 45.3645 -0.175518
62.8419 45.1994 0.798221
62.8855 45.0356 2.30016
62.9272 44.8735 -0.170969
62.9671 44.7128 0.813831
63.0053 44.5538 2.27018
63.0418 44.3965 -0.165908
63.0767 44.2408 0.82903
63.1099 44.0869 2.24009
63.1415 43.9348 -0.160344
63.1716 43.7846 0.843828
63.2002 43.6362 2.20991
63.2274 43.4898 -0.154285
63.2532 43.3454 0.858233
63.2776 43.2029 2.17964
63.3007 43.0626 -0.147741
63.3226 42.9244 0.872255
63.3432 42.7883 2.14931
63.3627 42.6544 -0.14072
63.381 42.5228 0.885903
63.3982 42.3935 2.11893
63.4143 42.2664 -0.133232
63.4294 42.1417 0.899184
63.4436 42.0194 2.08851
63.4568 41.8996 -0.125284
63.4692 41.7822 0.912106
63.4806 41.6673 2.05807
63.4913 41.555 -0.116885
63.5012 41.4452 0.924678
63.5103 41.338 2.02761
63.5187 41.2335 -0.108044
63.5265 41.1316 0.936907
63.5336 41.0325 1.99715
63.5402 40.936 -0.0987685
63.5461 40.8424 0.948801
63.5516 40.7515 1.96669
63.5565 40.6634 -0.0890665
63.561 40.5782 0.960365
63.565 40.4958 1.93625
63.5686 40.4164 -0.0789459
63.5719 40.3399 0.971608
63.5747 40.2663 1.90584
63.5773 40.1956 -0.0683949
63.5796 40.128 0.98252
63.5816 40.0634 1.87546
63.5833 40.0018 -0.0574038
63.5848 39.9432 0.993095
63.5861 39.8877 1.84512
63.5872 39.8353 -0.0460136
63.5882 39.786 1.00336
63.589 39.7398 1.81484
63.5897 39.6967 -0.0342315
63.5902 39.6567 1.01333
63.5907 39.6199 1.78461
63.591 39.5863 -0.0220647
63.5913 39.5558 1.02301
63.5916 39.5286 1.75444
63.5918 39.5045 -0.00951987
63.5919 39.4836 1.0324
63.592 39.4659 1.72435
63.5921 39.4514 0.00339614
63.5921 39.4402 1.0415
63.5922 39.4321 1.69433
63.5922 39.4273 0.0166769
63.5922 39.4257 1.05033
63.5922 39.4273 1.6644
63.5922 39.4321 0.0303504
63.5921 39.4402 1.05885
63.5921 39.4514 1.63457
63.592 39.4659 0.0444176
63.5919 39.4836 1.06708
63.5918 39.5045 1.60483
63.5916 39.5286 0.0588326
63.5913 39.5558 1.07504
63.591 39.5863 1.57519
63.5907 39.6199 0.0735895
63.5902 39.6567 1.08273
63.5897 39.6967 1.54566
63.589 39.7398 0.0886825
63.5882 39.786 1.09017
63.5872 39.8353 1.51623
63.5861 39.8877 0.104106
63.5848 39.9432 1.09736
63.5833 40.0018 1.48692
63.5816 40.0634 0.119874
63.5796 40.128 1.10428
63.5773 40.1956 1.45775
63.5747 40.2663 0.136028
63.5719 40.3399 1.1109
63.5686 40.4164 1.42871
63.565 40.4958 0.152497
63.561 40.5782 1.11728
63.5565 40.6634 0
63.5516 40.7515 1.99333
63.5461 40.8424 0
63.5402 40.936 2.07516
63.5336 41.0325 2.11639
63.5265 41.1316 2.15783
63.5187 41.2335 2.19946
63.5103 41.338 2.24129
63.5012 41.4452 2.28329
63.4913 41.555 2.32545
63.4806 41.6673 2.36778
63.4692 41.7822 2.41026
63.4568 41.8996 2.45289
63.4436 42.0194 2.49564
63.4294 42.1417 2.53852
63.4143 42.2664 2.58152
63.3982 42.3935 2.62462
63.381 42.5228 2.66782
63.3627 42.6544 2.7111
63.3432 42.7883 2.75446
63.3226 42.9244 2.79789
63.3007 43.0626 2.84137
63.2776 43.2029 2.88491
63.2532 43.3454 2.92848
63.2274 43.4898 2.97208
63.2002 43.6362 3.0157
63.1716 43.7846 3.05934
63.1415 43.9348 3.10297
63.1099 44.0869 3.14659
63.0767 44.2408 3.19019
63.0418 44.3965 3.23376
63.0053 44.5538 3.2773
62.9671 44.7128 3.32078
62.9272 44.8735 3.36421
62.8855 45.0356 3.40757
62.8419 45.1994 3.45086
62.7964 45.3645 3.49405
62.7491 45.5311 3.53715
62.6997 45.699 3.58015
62.6484 45.8683 3.62303
62.595 46.0388 3.66578
62.5395 46.2105 3.70841
62.4819 46.3834 3.75089
62.4221 46.5573 3.79322
62.3601 46.7323 3.83538
62.2958 46.9084 3.87738
62.2292 47.0853 3.91921
62.1604 47.2632 3.96084
62.0891 47.4418 4.00228
62.0154 47.6213 4.04351
61.9393 47.8015 4.08454
61.8607 47.9823 4.12534
61.7796 48.1638 4.16592
61.696 48.3458 4.20626
61.6097 48.5283 4.24635
61.5209 48.7113 4.2862
61.4293 48.8947 4.32578
61.3352 49.0784 4.3651
61.2383 49.2624 4.40415
61.1386 49.4466 4.44291
61.0362 49.631 4.48139
60.931 49.8155 4.51958
60.823 50 4.55746
60.7121 50.1845 4.59504
60.5984 50.369 4.63231
60.4817 50.5534 4.66927
60.3622 50.7376 4.7059
60.2397 50.9216 4.7422
60.1142 51.1053 4.77817
59.9858 51.2887 4.81381
59.8544 51.4717 4.8491
59.72 51.6542 4.88405
59.5825 51.8362 4.91865
59.4421 52.0177 4.9529
59.2985 52.1985 4.98679
59.1519 52.3787 5.02033
59.0023 52.5582 5.0535
58.8496 52.7368 5.08632
58.6937 52.9147 5.11877
58.5348 53.0916 5.15085
58.3728 53.2677 5.18257
58.2077 53.4427 5.21393
58.0396 53.6166 5.24492
57.8683 53.7895 5.27555
57.6939 53.9612 5.30581
57.5164 54.1317 5.33571
57.3358 54.301 5.36525
57.1522 54.4689 5.39443
56.9655 54.6355 5.42326
56.7757 54.8006 5.45173
56.5829 54.9644 5.47986
56.387 55.1265 5.50765
56.1881 55.2872 5.5351
55.9861 55.4462 5.56223
55.7812 55.6035 5.58903
55.5733 55.7592 5.61551
55.3624 55.9131 5.64168
55.1486 56.0652 5.66756
54.9318 56.2154 5.69315
54.7122 56.3638 5.71845
54.4897 56.5102 5.74349
54.2643 56.6546 5.76827
54.0361 56.7971 5.7928
53.8051 56.9374 5.8171
53.5714 57.0756 5.84118
53.3349 57.2117 5.86505
53.0958 57.3456 5.88874
52.8539 57.4772 5.91225
52.6095 57.6065 5.93559
52.3624 57.7336 5.9588
52.1128 57.8583 5.98188
51.8607 57.9806 6.00484
51.6061 58.1004 6.02772
51.3491 58.2178 6.05052
51.0897 58.3327 6.07327
50.828 58.445 6.09598
50.564 58.5548 6.11867
50.2977 58.662 6.14136
50.0292 58.7665 6.16407
49.7586 58.8684 6.18682
49.4859 58.9675 6.20962
49.2111 59.064 6.2325
48.9343 59.1576 6.25547
48.6556 59.2485 6.27854
48.375 59.3366 6.30175
48.0926 59.4218 6.3251
47.8084 59.5042 6.3486
47.5225 59.5836 6.37229
47.2349 59.6601 6.39616
46.9457 59.7337 6.42024
46.655 59.8044 6.44454
46.3628 59.872 6.46907
46.0692 59.9366 6.49385
45.7742 59.9982 6.51889
45.4779 60.0568 6.54419
45.1805 60.1123 6.56978
44.8818 60.1647 6.59566
44.5821 60.214 6.62183
44.2813 60.2602 6.64831
43.9795 60.3033 6.67511
43.6769 60.3433 6.70224
43.3734 60.3801 6.72969
43.0692 60.4137 6.75748
42.7643 60.4442 6.78561
42.4587 60.4714 6.81408
42.1526 60.4955 6.84291
41.846 60.5164 6.87209
41.539 60.5341 6.90163
41.2316 60.5486 6.93153
40.9239 60.5598 6.9618
40.6161 60.5679 6.99242
40.3081 60.5727 7.02341
40 60.5743 7.05477
39.6919 60.5727 7.08649
39.3839 60.5679 7.11857
39.0761 60.5598 7.15102
38.7684 60.5486 7.18384
38.461 60.5341 7.21701
38.154 60.5164 7.25055
37.8474 60.4955 7.28444
37.5413 60.4714 7.31869
37.2357 60.4442 7.35329
36.9308 60.4137 7.38824
36.6266 60.3801 7.42353
36.3231 60.3433 7.45917
36.0205 60.3033 7.49514
35.7187 60.2602 7.53144
35.4179 60.214 7.56807
35.1182 60.1647 7.60503
34.8195 60.1123 7.6423
34.5221 60.0568 7.67988
34.2258 59.9982 7.71776
33.9308 59.9366 7.75595
33.6372 59.872 7.79443
33.345 59.8044 7.8332
33.0543 59.7337 7.87224
32.7651 59.6601 7.91156
32.4775 59.5836 7.95115
32.1916 59.5042 7.99099
31.9074 59.4218 8.03108
31.625 59.3366 8.07142
31.3444 59.2485 8.112
31.0657 59.1576 8.1528
30.7889 59.064 8.19383
30.5141 58.9675 8.23506
30.2414 58.8684 8.2765
29.9708 58.7665 8.31814
29.7023 58.662 8.35996
29.436 58.5548 8.40196
29.172 58.445 8.44412
28.9103 58.3327 8.48645
28.6509 58.2178 8.52893
28.3939 58.1004 0
28.1393 57.9806 0.0226911
27.8872 57.8583 0.0454008
27.6376 57.7336 0.0681478
27.3905 57.6065 0.0909503
27.1461 57.4772 0.113827
26.9042 57.3456 0.136795
26.6651 57.2117 0.159873
26.4286 57.0756 0.183077
26.1949 56.9374 0.206425
25.9639 56.7971 0.229933
25.7357 56.6546 0.253616
25.5103 56.5102 0.277491
25.2878 56.3638 0.301571
25.0682 56.2154 0.325871
24.8514 56.0652 0.350403
24.6376 55.9131 0.375182
24.4267 55.7592 0.400218
24.2188 55.6035 0.425524
24.0139 55.4462 0.45111
23.8119 55.2872 0.476986
23.613 55.1265 0.503161
23.4171 54.9644 0.529644
23.2243 54.8006 0.556443
23.0345 54.6355 0.583566
22.8478 54.4689 0.611018
22.6642 54.301 0.638807
22.4836 54.1317 0.666938
22.3061 53.9612 0.695414
22.1317 53.7895 0.724242
21.9604 53.6166 0.753424
21.7923 53.4427 0.782964
21.6272 53.2677 0.812863
21.4652 53.0916 0.843125
21.3063 52.9147 0.87375
21.1504 52.7368 0.904741
20.9977 52.5582 0.936096
20.8481 52.3787 0.967817
20.7015 52.1985 0.999904
20.5579 52.0177 1.03235
20.4175 51.8362 1.06517
20.28 51.6542 1.09834
20.1456 51.4717 1.13188
20.0142 51.2887 1.16577
19.8858 51.1053 1.20002
19.7603 50.9216 1.23462
19.6378 50.7376 1.26957
19.5183 50.5534 1.30486
19.4016 50.369 1.3405
19.2879 50.1845 1.37647
19.177 50 1.41277
19.069 49.8155 1.4494
18.9638 49.631 1.48636
18.8614 49.4466 1.52363
18.7617 49.2624 1.56121
18.6648 49.0784 1.59909
18.5707 48.8947 1.63728
18.4791 48.7113 1.67576
18.3903 48.5283 1.71452
18.304 48.3458 1.75357
18.2204 48.1638 1.79289
18.1393 47.9823 1.83247
18.0607 47.8015 1.87232
17.9846 47.6213 1.91241
17.9109 47.4418 1.95275
17.8396 47.2632 1.99333
17.7708 47.0853 2.03413
17.7042 46.9084 2.07516
17.6399 46.7323 2.11639
17.5779 46.5573 2.15783
17.5181 46.3834 2.19946
17.4605 46.2105 2.24129
17.405 46.0388 2.28329
17.3516 45.8683 2.32545
17.3003 45.699 2.36778
17.2509 45.5311 2.41026
17.2036 45.3645 2.45289
17.1581 45.1994 2.49564
17.1145 45.0356 2.53852
17.0728 44.8735 2.58152
17.0329 44.7128 2.62462
16.9947 44.5538 2.66782
16.9582 44.3965 2.7111
16.9233 44.2408 2.75446
16.8901 44.0869 2.79789
16.8585 43.9348 2.84137
16.8284 43.7846 2.88491
16.7998 43.6362 2.92848
16.7726 43.4898 2.97208
16.7468 43.3454 3.0157
16.7224 43.2029 3.05934
16.6993 43.0626 3.10297
16.6774 42.9244 3.14659
16.6568 42.7883 3.19019
16.6373 42.6544 3.23376
16.619 42.5228 3.2773
16.6018 42.3935 3.32078
16.5857 42.2664 3.36421
16.5706 42.1417 3.40757
16.5564 42.0194 3.45086
16.5432 41.8996 3.49405
16.5308 41.7822 3.53715
16.5194 41.6673 3.58015
16.5087 41.555 3.62303
16.4988 41.4452 3.66578
16.4897 41.338 3.70841
16.4813 41.2335 3.75089
16.4735 41.1316 3.79322
16.4664 41.0325 3.83538
16.4598 40.936 3.87738
16.4539 40.8424 3.91921
16.4484 40.7515 3.96084
16.4435 40.6634 4.00228
16.439 40.5782 4.04351
16.435 40.4958 4.08454
16.4314 40.4164 4.12534
16.4281 40.3399 4.16592
16.4253 40.2663 4.20626
16.4227 40.1956 4.24635
16.4204 40.128 4.2862
16.4184 40.0634 4.32578
16.4167 40.0018 4.3651
16.4152 39.9432 4.40415
16.4139 39.8877 4.44291
16.4128 39.8353 4.48139
16.4118 39.786 4.51958
16.411 39.7398 4.55746
16.4103 39.6967 4.59504
16.4098 39.6567 0
16.4093 39.6199 4.66927
16.409 39.5863 2.54086e-314
16.4087 39.5558 4.7422
16.4084 39.5286 4.77817
16.4082 39.5045 4.81381
16.4081 39.4836 4.8491
16.408 39.4659 4.88405
16.4079 39.4514 4.91865
16.4079 39.4402 4.9529
16.4078 39.4321 4.98679
16.4078 39.4273 5.02033
16.4078 39.4257 5.0535
16.4078 39.4273 5.08632
16.4078 39.4321 5.11877
16.4079 39.4402 5.15085
16.4079 39.4514 5.18257
16.408 39.4659 5.21393
16.4081 39.4836 5.24492
16.4082 39.5045 5.27555
16.4084 39.5286 5.30581
16.4087 39.5558 5.33571
16.409 39.5863 5.36525
16.4093 39.6199 5.39443
16.4098 39.6567 5.42326
16.4103 39.6967 5.45173
16.411 39.7398 5.47986
16.4118 39.786 5.50765
16.4128 39.8353 5.5351
16.4139 39.8877 5.56223
16.4152 39.9432 5.58903
16.4167 40.0018 5.61551
16.4184 40.0634 5.64168
16.4204 40.128 5.66756
16.4227 40.1956 5.69315
16.4253 40.2663 5.71845
16.4281 40.3399 5.74349
16.4314 40.4164 5.76827
16.435 40.4958 5.7928
16.439 40.5782 5.8171
16.4435 40.6634 5.84118
16.4484 40.7515 5.86505
16.4539 40.8424 5.88874
16.4598 40.936 5.91225
16.4664 41.0325 5.93559
16.4735 41.1316 5.9588
16.4813 41.2335 5.98188
16.4897 41.338 6.00484
16.4988 41.4452 6.02772
16.5087 41.555 6.05052
16.5194 41.6673 6.07327
16.5308 41.7822 6.09598
16.5432 41.8996 6.11867
16.5564 42.0194 6.14136
16.5706 42.1417 6.16407
16.5857 42.2664 6.18682
16.6018 42.3935 6.20962
16.619 42.5228 6.2325
16.6373 42.6544 6.25547
16.6568 42.7883 6.27854
16.6774 42.9244 6.30175
16.6993 43.0626 6.3251
16.7224 43.2029 6.3486
16.7468 43.3454 6.37229
16.7726 43.4898 6.39616
16.7998 43.6362 6.42024
16.8284 43.7846 6.44454
16.8585 43.9348 6.46907
16.8901 44.0869 6.49385
16.9233 44.2408 6.51889
16.9582 44.3965 6.54419
16.9947 44.5538 6.56978
17.0329 44.7128 6.59566
17.0728 44.8735 6.62183
17.1145 45.0356 6.64831
17.1581 45.1994 6.67511
17.2036 45.3645 6.70224
17.2509 45.5311 6.72969
17.3003 45.699 6.75748
17.3516 45.8683 6.78561
17.405 46.0388 6.81408
17.4605 46.2105 6.84291
17.5181 46.3834 6.87209
17.5779 46.5573 6.90163
17.6399 46.7323 6.93153
17.7042 46.9084 6.9618
17.7708 47.0853 6.99242
17.8396 47.2632 7.02341
17.9109 47.4418 7.05477
17.9846 47.6213 7.08649
18.0607 47.8015 7.11857
18.1393 47.9823 7.15102
18.2204 48.1638 7.18384
18.304 48.3458 7.21701
18.3903 48.5283 7.25055
18.4791 48.7113 7.28444
18.5707 48.8947 7.31869
18.6648 49.0784 7.35329
18.7617 49.2624 7.38824
18.8614 49.4466 7.42353
18.9638 49.631 7.45917
19.069 49.8155 7.49514
19.177 50 7.53144
19.2879 50.1845 7.56807
19.4016 50.369 7.60503
19.5183 50.5534 7.6423
19.6378 50.7376 7.67988
19.7603 50.9216 7.71776
19.8858 51.1053 7.75595
20.0142 51.2887 7.79443
20.1456 51.4717 7.8332
20.28 51.6542 7.87224
20.4175 51.8362 7.91156
20.5579 52.0177 7.95115
20.7015 52.1985 7.99099
20.8481 52.3787 8.03108
20.9977 52.5582 8.07142
21.1504 52.7368 8.112
21.3063 52.9147 8.1528
21.4652 53.0916 8.19383
21.6272 53.2677 8.23506
21.7923 53.4427 8.2765
21.9604 53.6166 8.31814
22.1317 53.7895 8.35996
22.3061 53.9612 8.40196
22.4836 54.1317 8.44412
22.6642 54.301 8.48645
22.8478 54.4689 8.52893
23.0345 54.6355 8.57156
23.2243 54.8006 8.61431
23.4171 54.9644 8.65719
23.613 55.1265 8.70019
23.8119 55.2872 8.74329
24.0139 55.4462 8.78649
24.2188 55.6035 8.82977
24.4267 55.7592 8.87313
24.6376 55.9131 8.91656
24.8514 56.0652 8.96004
25.0682 56.2154 9.00358
25.2878 56.3638 9.04715
25.5103 56.5102 9.09075
25.7357 56.6546 9.13437
25.9639 56.7971 9.17801
26.1949 56.9374 9.22164
26.4286 57.0756 9.26526
26.6651 57.2117 9.30886
26.9042 57.3456 9.35243
27.1461 57.4772 9.39597
27.3905 57.6065 9.43945
27.6376 57.7336 9.48288
27.8872 57.8583 9.52624
28.1393 57.9806 9.56953
28.3939 58.1004 9.61272
28.6509 58.2178 9.65582
28.9103 58.3327 9.69882
29.172 58.445 9.7417
29.436 58.5548 9.78445
29.7023 58.662 9.82708
29.9708 58.7665 9.86956
30.2414 58.8684 9.91189
30.5141 58.9675 9.95406
30.7889 59.064 9.99605
31.0657 59.1576 10.0379
31.3444 59.2485 10.0795
31.625 59.3366 10.1209
31.9074 59.4218 10.1622
32.1916 59.5042 10.2032
32.4775 59.5836 10.244
32.7651 59.6601 10.2846
33.0543 59.7337 10.3249
33.345 59.8044 10.365
33.6372 59.872 10.4049
33.9308 59.9366 10.4445
34.2258 59.9982 10.4838
34.5221 60.0568 10.5228
34.8195 60.1123 10.5616
35.1182 60.1647 10.6001
35.4179 60.214 10.6382
35.7187 60.2602 10.6761
36.0205 60.3033 10.7137
36.3231 60.3433 10.751
36.6266 60.3801 10.7879
36.9308 60.4137 10.8246
37.2357 60.4442 10.8609
37.5413 60.4714 10.8968
37.8474 60.4955 10.9325
38.154 60.5164 10.9678
38.461 60.5341 11.0027
38.7684 60.5486 11.0373
39.0761 60.5598 11.0716
39.3839 60.5679 11.1055
39.6919 60.5727 11.139
60.5743 6.02647e-312 11.1722
60.5727 5.77183e-312 11.205
60.5679 5.79305e-312 11.2374
60.5598 6.04769e-312 11.2695
60.5486 5.79305e-312 11.3012
60.5341 5.81427e-312 11.3326
60.5164 6.06891e-312 11.3636
60.4955 5.81427e-312 11.3942
60.4714 5.83549e-312 11.4245
60.4442 6.09013e-312 11.4544
60.4137 5.83549e-312 11.4839
60.3801 5.60207e-312 11.5131
60.3433 6.11135e-312 11.5419
60.3033 5.85671e-312 11.5704
60.2602 5.87793e-312 11.5985
60.214 6.13257e-312 11.6263
60.1647 4.58224e-72 11.6538
60.1123 5.03284e-38 11.6809
60.0568 1.38532e-259 11.7077
59.9982 2.99855 11.7342
59.9366 -0.0130571 11.7604
59.872 0.031362 11.7862
59.8044 2.99625 11.8118
59.7337 -0.0260432 11.8371
59.6601 0.0626536 11.8622
59.5836 2.99149 11.8869
59.5042 -0.0388548 11.9115
59.4218 0.0937725 11.9358
59.3366 2.98511 11.9598
59.2485 -0.0514583 11.9837
59.1576 0.124686 12.0074
59.064 2.97681 12.0309
58.9675 -0.0637304 12.0543
58.8684 0.155273 12.0775
58.7665 2.96695 12.1005
58.662 -0.0756675 12.1235
58.5548 0.185531 12.1464
58.445 2.95537 12.1692
58.3327 -0.0871529 12.1919
58.2178 0.215347 12.2146
58.1004 2.94231 12.2373
57.9806 -0.0981849 12.26
57.8583 0.244723 12.2827
57.7336 2.92779 12.3055
57.6065 -0.108698 12.3283
57.4772 0.273597 12.3512
57.3456 2.91185 12.3741
57.2117 -0.118641 12.3972
57.0756 0.301923 12.4204
56.9374 2.89473 12.4438
56.7971 -0.128046 12.4673
56.6546 0.329736 12.491
56.5102 2.87629 12.5148
56.3638 -0.136786 12.5389
56.2154 0.356918 12.5632
56.0652 2.85678 12.5877
55.9131 -0.144926 12.6125
55.7592 0.383535 12.6376
55.6035 2.8363 12.6629
55.4462 -0.152466 12.6885
55.2872 0.409593 12.7143
55.1265 2.81477 12.7405
54.9644 -0.159296 12.767
54.8006 0.434992 12.7938
54.6355 2.79239 12.8209
54.4689 -0.165491 12.8484
54.301 0.459808 12.8761
54.1317 2.76923 12.9043
53.9612 -0.171061 12.9328
53.7895 0.484054 12.9616
53.6166 2.74533 12.9908
53.4427 -0.17599 13.0203
53.2677 0.507719 13.0502
53.0916 2.72069 13.0805
52.9147 -0.180205 13.1111
52.7368 0.530744 13.1421
52.5582 2.69544 13.1734
52.3787 -0.183795 13.2052
52.1985 0.553214 13.2372
52.0177 2.66963 13.2697
51.8362 -0.186762 13.3025
51.6542 0.575133 13.3357
51.4717 2.64331 13.3692
51.2887 -0.18911 13.4031
51.1053 0.59651 13.4374
50.9216 2.61651 13.472
50.7376 -0.190843 13.5069
50.5534 0.617353 13.5422
50.369 2.58925 13.5778
50.1845 -0.19192 13.6138
50 0.637631 13.6501
49.8155 2.56159 13.6867
49.631 -0.192381 13.7237
49.4466 0.657382 13.761
49.2624 2.53358 13.7985
49.0784 -0.192253 13.8364
48.8947 0.676633 13.8746
48.7113 2.50524 13.9131
48.5283 -0.191542 13.9519
48.3458 0.695393 13.9909
48.1638 2.47661 14.0302
47.9823 -0.190258 14.0698
47.8015 0.713673 14.1097
47.6213 2.44772 14.1498
47.4418 -0.188407 14.1901
47.2632 0.731483 14.2307
47.0853 2.41859 14.2715
46.9084 -0.185998 14.3125
46.7323 0.748832 14.3537
46.5573 2.38925 14.3952
46.3834 -0.183041 14.4368
46.2105 0.765732 14.4786
46.0388 2.35971 14.5206
45.8683 -0.179545 14.5628
45.699 0.782192 14.6051
45.5311 2.33001 14.6476
45.3645 -0.175518 14.6902
45.1994 0.798221 14.733
45.0356 2.30016 14.7759
44.8735 -0.170969 14.8189
44.7128 0.813831 14.862
44.5538 2.27018 14.9052
44.3965 -0.165908 14.9484
44.2408 0.82903 14.9918
44.0869 2.24009 15.0352
43.9348 -0.160344 15.0787
43.7846 0.843828 15.1222
43.6362 2.20991 15.1658
43.4898 -0.154285 15.2094
43.3454 0.858233 15.253
43.2029 2.17964 15.2967
43.0626 -0.147741 15.3403
42.9244 0.872255 15.3839
42.7883 2.14931 15.4275
42.6544 -0.14072 15.4711
42.5228 0.885903 15.5146
42.3935 2.11893 15.5581
42.2664 -0.133232 15.6016
42.1417 0.899184 15.6449
42.0194 2.08851 15.6882
41.8996 -0.125284 15.7314
41.7822 0.912106 15.7745
41.6673 2.05807 15.8175
41.555 -0.116885 15.8604
41.4452 0.924678 15.9031
41.338 2.02761 15.9457
41.2335 -0.108044 15.9882
41.1316 0.936907 16.0306
41.0325 1.99715 16.0727
40.936 -0.0987685 16.1147
40.8424 0.948801 16.1565
40.7515 1.96669 16.1982
40.6634 -0.0890665 16.2396
40.5782 0.960365 16.2809
40.4958 1.93625 16.3219
40.4164 -0.0789459 16.3627
40.3399 0.971608 16.4033
40.2663 1.90584 16.4436
40.1956 -0.0683949 16.4837
40.128 0.98252 16.5235
40.0634 1.87546 16.5631
40.0018 -0.0574038 16.6024
39.9432 0.993095 16.6415
39.8877 1.84512 16.6803
39.8353 -0.0460136 16.7187
39.786 1.00336 16.7569
39.7398 1.81484 16.7948
39.6967 -0.0342315 16.8324
39.6567 1.01333 16.8697
39.6199 1.78461 16.9066
39.5863 -0.0220647 16.9432
39.5558 1.02301 16.9795
39.5286 1.75444 17.0155
39.5045 -0.00951987 17.0511
39.4836 1.0324 17.0864
39.4659 1.72435 17.1214
39.4514 0.00339614 17.156
39.4402 1.0415 17.1902
39.4321 1.69433 17.2241
39.4273 0.0166769 17.2577
39.4257 1.05033 17.2908
39.4273 1.6644 17.3237
39.4321 0.0303504 17.3561
39.4402 1.05885 17.3882
39.4514 1.63457 17.4199
39.4659 0.0444176 17.4513
39.4836 1.06708 17.4823
39.5045 1.60483 17.5129
39.5286 0.0588326 17.5431
39.5558 1.07504 17.573
39.5863 1.57519 17.6026
39.6199 0.0735895 17.6318
39.6567 1.08273 0
39.6967 1.54566 0.0226911
39.7398 0.0886825 0.0454008
39.786 1.09017 0.0681478
39.8353 1.51623 0.0909503
39.8877 0.104106 0.113827
39.9432 1.09736 0.136795
40.0018 1.48692 0.159873
40.0634 0.119874 0.183077
40.128 1.10428 0.206425
40.1956 1.45775 0.229933
40.2663 0.136028 0.253616
40.3399 1.1109 0.277491
40.4164 1.42871 0.301571
40.4958 0.152497 0.325871
40.5782 1.11728 0.350403
40.6634 0 0.375182
40.7515 1.99333 0.400218
40.8424 0 0.425524
40.936 2.07516 0.45111
41.0325 2.11639 0.476986
41.1316 2.15783 0.503161
41.2335 2.19946 0.529644
41.338 2.24129 0.556443
41.4452 2.28329 0.583566
41.555 2.32545 0.611018
41.6673 2.36778 0.638807
41.7822 2.41026 0.666938
41.8996 2.45289 0.695414
42.0194 2.49564 0.724242
42.1417 2.53852 0.753424
42.2664 2.58152 0.782964
42.3935 2.62462 0.812863
42.5228 2.66782 0.843125
42.6544 2.7111 0.87375
42.7883 2.75446 0.904741
42.9244 2.79789 0.936096
43.0626 2.84137 0.967817
43.2029 2.88491 0.999904
43.3454 2.92848 1.03235
43.4898 2.97208 1.06517
43.6362 3.0157 1.09834
43.7846 3.05934 1.13188
43.9348 3.10297 1.16577
44.0869 3.14659 1.20002
44.2408 3.19019 1.23462
44.3965 3.23376 1.26957
44.5538 3.2773 1.30486
44.7128 3.32078 1.3405
44.8735 3.36421 1.37647
45.0356 3.40757 1.41277
45.1994 3.45086 1.4494
45.3645 3.49405 1.48636
45.5311 3.53715 1.52363
45.699 3.58015 1.56121
45.8683 3.62303 1.59909
46.0388 3.66578 1.63728
46.2105 3.70841 1.67576
46.3834 3.75089 1.71452
46.5573 3.79322 1.75357
46.7323 3.83538 1.79289
46.9084 3.87738 1.83247
47.0853 3.91921 1.87232
47.2632 3.96084 1.91241
47.4418 4.00228 1.95275
47.6213 4.04351 1.99333
47.8015 4.08454 2.03413
47.9823 4.12534 2.07516
48.1638 4.16592 2.11639
48.3458 4.20626 2.15783
48.5283 4.24635 2.19946
48.7113 4.2862 2.24129
48.8947 4.32578 2.28329
49.0784 4.3651 2.32545
49.2624 4.40415 2.36778
49.4466 4.44291 2.41026
49.631 4.48139 2.45289
49.8155 4.51958 2.49564
50 4.55746 2.53852
50.1845 4.59504 2.58152
50.369 4.63231 2.62462
50.5534 4.66927 2.66782
50.7376 4.7059 2.7111
50.9216 4.7422 2.75446
51.1053 4.77817 2.79789
51.2887 4.81381 2.84137
51.4717 4.8491 2.88491
51.6542 4.88405 2.92848
51.8362 4.91865 2.97208
52.0177 4.9529 3.0157
52.1985 4.98679 3.05934
52.3787 5.02033 3.10297
52.5582 5.0535 3.14659
52.7368 5.08632 3.19019
52.9147 5.11877 3.23376
53.0916 5.15085 3.2773
53.2677 5.18257 3.32078
53.4427 5.21393 3.36421
53.6166 5.24492 3.40757
53.7895 5.27555 3.45086
53.9612 5.30581 3.49405
54.1317 5.33571 3.53715
54.301 5.36525 3.58015
54.4689 5.39443 3.62303
54.6355 5.42326 3.66578
54.8006 5.45173 3.70841
54.9644 5.47986 3.75089
55.1265 5.50765 3.79322
55.2872 5.5351 3.83538
55.4462 5.56223 3.87738
55.6035 5.58903 3.91921
55.7592 5.61551 3.96084
55.9131 5.64168 4.00228
56.0652 5.66756 4.04351
56.2154 5.69315 4.08454
56.3638 5.71845 4.12534
56.5102 5.74349 4.16592
56.6546 5.76827 4.20626
56.7971 5.7928 4.24635
56.9374 5.8171 4.2862
57.0756 5.84118 4.32578
57.2117 5.86505 4.3651
57.3456 5.88874 4.40415
57.4772 5.91225 4.44291
57.6065 5.93559 4.48139
57.7336 5.9588 4.51958
57.8583 5.98188 4.55746
57.9806 6.00484 4.59504
58.1004 6.02772 4.63231
58.2178 6.05052 4.66927
58.3327 6.07327 4.7059
58.445 6.09598 4.7422
58.5548 6.11867 4.77817
58.662 6.14136 4.81381
58.7665 6.16407 4.8491
58.8684 6.18682 4.88405
58.9675 6.20962 4.91865
59.064 6.2325 4.9529
59.1576 6.25547 4.98679
59.2485 6.27854 5.02033
59.3366 6.30175 5.0535
59.4218 6.3251 5.08632
59.5042 6.3486 5.11877
59.5836 6.37229 5.15085
59.6601 6.39616 5.18257
59.7337 6.42024 5.21393
59.8044 6.44454 5.24492
59.872 6.46907 5.27555
59.9366 6.49385 5.30581
59.9982 6.51889 5.33571
60.0568 6.54419 5.36525
60.1123 6.56978 5.39443
60.1647 6.59566 5.42326
60.214 6.62183 5.45173
60.2602 6.64831 5.47986
60.3033 6.67511 5.50765
60.3433 6.70224 5.5351
60.3801 6.72969 5.56223
60.4137 6.75748 5.58903
60.4442 6.78561 5.61551
60.4714 6.81408 5.64168
60.4955 6.84291 5.66756
60.5164 6.87209 5.69315
60.5341 6.90163 5.71845
60.5486 6.93153 5.74349
60.5598 6.9618 5.76827
60.5679 6.99242 5.7928
60.5727 7.02341 5.8171
60.5743 7.05477 5.84118
60.5727 7.08649 5.86505
60.5679 7.11857 5.88874
60.5598 7.15102 5.91225
60.5486 7.18384 5.93559
60.5341 7.21701 5.9588
60.5164 7.25055 5.98188
60.4955 7.28444 6.00484
60.4714 7.31869 6.02772
60.4442 7.35329 6.05052
60.4137 7.38824 6.07327
60.3801 7.42353 6.09598
60.3433 7.45917 6.11867
60.3033 7.49514 6.14136
60.2602 7.53144 6.16407
60.214 7.56807 6.18682
60.1647 7.60503 6.20962
60.1123 7.6423 6.2325
60.0568 7.67988 6.25547
59.9982 7.71776 6.27854
59.9366 7.75595 6.30175
59.872 7.79443 6.3251
59.8044 7.8332 6.3486
59.7337 7.87224 6.37229
59.6601 7.91156 6.39616
59.5836 7.95115 6.42024
59.5042 7.99099 6.44454
59.4218 8.03108 6.46907
59.3366 8.07142 6.49385
59.2485 8.112 6.51889
59.1576 8.1528 6.54419
59.064 8.19383 6.56978
58.9675 8.23506 6.59566
58.8684 8.2765 6.62183
58.7665 8.31814 6.64831
58.662 8.35996 6.67511
58.5548 8.40196 6.70224
58.445 8.44412 6.72969
58.3327 8.48645 6.75748
58.2178 8.52893 6.78561
58.1004 0 6.81408
57.9806 0.0226911 6.84291
57.8583 0.0454008 6.87209
57.7336 0.0681478 6.90163
57.6065 0.0909503 6.93153
57.4772 0.113827 6.9618
57.3456 0.136795 6.99242
57.2117 0.159873 7.02341
57.0756 0.183077 7.05477
56.9374 0.206425 7.08649
56.7971 0.229933 7.11857
56.6546 0.253616 7.15102
56.5102 0.277491 7.18384
56.3638 0.301571 7.21701
56.2154 0.325871 7.25055
56.0652 0.350403 7.28444
55.9131 0.375182 7.31869
55.7592 0.400218 7.35329
55.6035 0.425524 7.38824
55.4462 0.45111 7.42353
55.2872 0.476986 7.45917
55.1265 0.503161 7.49514
54.9644 0.529644 7.53144
54.8006 0.556443 7.56807
54.6355 0.583566 7.60503
54.4689 0.611018 7.6423
54.301 0.638807 7.67988
54.1317 0.666938 7.71776
53.9612 0.695414 7.75595
53.7895 0.724242 7.79443
53.6166 0.753424 7.8332
53.4427 0.782964 7.87224
53.2677 0.812863 7.91156
53.0916 0.843125 7.95115
52.9147 0.87375 7.99099
52.7368 0.904741 8.03108
52.5582 0.936096 8.07142
52.3787 0.967817 8.112
52.1985 0.999904 8.1528
52.0177 1.03235 8.19383
51.8362 1.06517 8.23506
51.6542 1.09834 8.2765
51.4717 1.13188 8.31814
51.2887 1.16577 8.35996
51.1053 1.20002 8.40196
50.9216 1.23462 8.44412
50.7376 1.26957 8.48645
50.5534 1.30486 8.52893
50.369 1.3405 8.57156
50.1845 1.37647 8.61431
50 1.41277 8.65719
49.8155 1.4494 8.70019
49.631 1.48636 8.74329
49.4466 1.52363 8.78649
49.2624 1.56121 8.82977
49.0784 1.59909 8.87313
48.8947 1.63728 8.91656
48.7113 1.67576 8.96004
48.5283 1.71452 9.00358
48.3458 1.75357 9.04715
48.1638 1.79289 9.09075
47.9823 1.83247 9.13437
47.8015 1.87232 9.17801
47.6213 1.91241 9.22164
47.4418 1.95275 9.26526
47.2632 1.99333 9.30886
47.0853 2.03413 9.35243
46.9084 2.07516 9.39597
46.7323 2.11639 9.43945
46.5573 2.15783 9.48288
46.3834 2.19946 9.52624
46.2105 2.24129 9.56953
46.0388 2.28329 9.61272
45.8683 2.32545 9.65582
45.699 2.36778 9.69882
45.5311 2.41026 9.7417
45.3645 2.45289 9.78445
45.1994 2.49564 9.82708
45.0356 2.53852 9.86956
44.8735 2.58152 9.91189
44.7128 2.62462 9.95406
44.5538 2.66782 9.99605
44.3965 2.7111 10.0379
44.2408 2.75446 10.0795
44.0869 2.79789 10.1209
43.9348 2.84137 10.1622
43.7846 2.88491 10.2032
43.6362 2.92848 10.244
43.4898 2.97208 10.2846
43.3454 3.0157 10.3249
43.2029 3.05934 10.365
43.0626 3.10297 10.4049
42.9244 3.14659 10.4445
42.7883 3.19019 10.4838
42.6544 3.23376 10.5228
42.5228 3.2773 10.5616
42.3935 3.32078 10.6001
42.2664 3.36421 10.6382
42.1417 3.40757 10.6761
42.0194 3.45086 10.7137
41.8996 3.49405 10.751
41.7822 3.53715 10.7879
41.6673 3.58015 10.8246
41.555 3.62303 10.8609
41.4452 3.66578 10.8968
41.338 3.70841 10.9325
41.2335 3.75089 10.9678
41.1316 3.79322 11.0027
41.0325 3.83538 11.0373
40.936 3.87738 11.0716
40.8424 3.91921 11.1055
40.7515 3.96084 11.139
40.6634 4.00228 11.1722
40.5782 4.04351 11.205
40.4958 4.08454 11.2374
40.4164 4.12534 11.2695
40.3399 4.16592 11.3012
40.2663 4.20626 11.3326
40.1956 4.24635 11.3636
40.128 4.2862 11.3942
40.0634 4.32578 11.4245
40.0018 4.3651 11.4544
39.9432 4.40415 11.4839
39.8877 4.44291 11.5131
39.8353 4.48139 11.5419
39.786 4.51958 11.5704
39.7398 4.55746 11.5985
39.6967 4.59504 11.6263
39.6567 0 11.6538
39.6199 4.66927 11.6809
39.5863 2.54086e-314 11.7077
39.5558 4.7422 11.7342
39.5286 4.77817 11.7604
39.5045 4.81381 11.7862
39.4836 4.8491 11.8118
39.4659 4.88405 11.8371
39.4514 4.91865 11.8622
39.4402 4.9529 11.8869
39.4321 4.98679 11.9115
39.4273 5.02033 11.9358
39.4257 5.0535 11.9598
39.4273 5.08632 11.9837
39.4321 5.11877 12.0074
39.4402 5.15085 12.0309
39.4514 5.18257 12.0543
39.4659 5.21393 12.0775
39.4836 5.24492 12.1005
39.5045 5.27555 12.1235
39.5286 5.30581 12.1464
39.5558 5.33571 12.1692
39.5863 5.36525 12.1919
39.6199 5.39443 12.2146
39.6567 5.42326 12.2373
39.6967 5.45173 12.26
39.7398 5.47986 12.2827
39.786 5.50765 12.3055
39.8353 5.5351 12.3283
39.8877 5.56223 12.3512
39.9432 5.58903 12.3741
40.0018 5.61551 12.3972
40.0634 5.64168 12.4204
40.128 5.66756 12.4438
40.1956 5.69315 12.4673
40.2663 5.71845 12.491
40.3399 5.74349 12.5148
40.4164 5.76827 12.5389
40.4958 5.7928 12.5632
40.5782 5.8171 12.5877
40.6634 5.84118 12.6125
40.7515 5.86505 12.6376
40.8424 5.88874 12.6629
40.936 5.91225 12.6885
41.0325 5.93559 12.7143
41.1316 5.9588 12.7405
41.2335 5.98188 12.767
41.338 6.00484 12.7938
41.4452 6.02772 12.8209
41.555 6.05052 12.8484
41.6673 6.07327 12.8761
41.7822 6.09598 12.9043
41.8996 6.11867 12.9328
42.0194 6.14136 12.9616
42.1417 6.16407 12.9908
42.2664 6.18682 13.0203
42.3935 6.20962 13.0502
42.5228 6.2325 13.0805
42.6544 6.25547 13.1111
42.7883 6.27854 13.1421
42.9244 6.30175 13.1734
43.0626 6.3251 13.2052
43.2029 6.3486 13.2372
43.3454 6.37229 13.2697
43.4898 6.39616 13.3025
43.6362 6.42024 13.3357
43.7846 6.44454 13.3692
43.9348 6.46907 13.4031
44.0869 6.49385 13.4374
44.2408 6.51889 13.472
44.3965 6.54419 13.5069
44.5538 6.56978 13.5422
44.7128 6.59566 13.5778
44.8735 6.62183 13.6138
45.0356 6.64831 13.6501
45.1994 6.67511 13.6867
45.3645 6.70224 13.7237
45.5311 6.72969 13.761
45.699 6.75748 13.7985
45.8683 6.78561 13.8364
46.0388 6.81408 13.8746
46.2105 6.84291 13.9131
46.3834 6.87209 13.9519
46.5573 6.90163 13.9909
46.7323 6.93153 14.0302
46.9084 6.9618 14.0698
47.0853 6.99242 14.1097
47.2632 7.02341 14.1498
47.4418 7.05477 14.1901
47.6213 7.08649 14.2307
47.8015 7.11857 14.2715
47.9823 7.15102 14.3125
48.1638 7.18384 14.3537
48.3458 7.21701 14.3952
48.5283 7.25055 14.4368
48.7113 7.28444 14.4786
48.8947 7.31869 14.5206
49.0784 7.35329 14.5628
49.2624 7.38824 14.6051
49.4466 7.42353 14.6476
49.631 7.45917 14.6902
49.8155 7.49514 14.733
50 7.53144 14.7759
50.1845 7.56807 14.8189
50.369 7.60503 14.862
50.5534 7.6423 14.9052
50.7376 7.67988 14.9484
50.9216 7.71776 14.9918
51.1053 7.75595 15.0352
51.2887 7.79443 15.0787
51.4717 7.8332 15.1222
51.6542 7.87224 15.1658
51.8362 7.91156 15.2094
52.0177 7.95115 15.253
52.1985 7.99099 15.2967
52.3787 8.03108 15.3403
52.5582 8.07142 15.3839
52.7368 8.112 15.4275
52.9147 8.1528 15.4711
53.0916 8.19383 15.5146
53.2677 8.23506 15.5581
53.4427 8.2765 15.6016
53.6166 8.31814 15.6449
53.7895 8.35996 15.6882
53.9612 8.40196 15.7314
54.1317 8.44412 15.7745
54.301 8.48645 15.8175
54.4689 8.52893 15.8604
54.6355 8.57156 15.9031
54.8006 8.61431 15.9457
54.9644 8.65719 15.9882
55.1265 8.70019 16.0306
55.2872 8.74329 16.0727
55.4462 8.78649 16.1147
55.6035 8.82977 16.1565
55.7592 8.87313 16.1982
55.9131 8.91656 16.2396
56.0652 8.96004 16.2809
56.2154 9.00358 16.3219
56.3638 9.04715 16.3627
56.5102 9.09075 16.4033
56.6546 9.13437 16.4436
56.7971 9.17801 16.4837
56.9374 9.22164 16.5235
57.0756 9.26526 16.5631
57.2117 9.30886 16.6024
57.3456 9.35243 16.6415
57.4772 9.39597 16.6803
57.6065 9.43945 16.7187
57.7336 9.48288 16.7569
57.8583 9.52624 16.7948
57.9806 9.56953 16.8324
58.1004 9.61272 16.8697
58.2178 9.65582 16.9066
58.3327 9.69882 16.9432
58.445 9.7417 16.9795
58.5548 9.78445 17.0155
58.662 9.82708 17.0511
58.7665 9.86956 17.0864
58.8684 9.91189 17.1214
58.9675 9.95406 17.156
59.064 9.99605 17.1902
59.1576 10.0379 17.2241
59.2485 10.0795 17.2577
59.3366 10.1209 17.2908
59.4218 10.1622 17.3237
59.5042 10.2032 17.3561
59.5836 10.244 17.3882
59.6601 10.2846 17.4199
59.7337 10.3249 17.4513
59.8044 10.365 17.4823
59.872 10.4049 17.5129
59.9366 10.4445 17.5431
59.9982 10.4838 17.573
60.0568 10.5228 17.6026
60.1123 10.5616 17.6318
60.1647 10.6001 17.6606
60.214 10.6382 17.6891
60.2602 10.6761 17.7172
60.3033 10.7137 17.745
60.3433 10.751 17.7724
60.3801 10.7879 17.7996
60.4137 10.8246 17.8264
60.4442 10.8609 17.8529
60.4714 10.8968 17.879
60.4955 10.9325 17.9049
60.5164 10.9678 17.9305
60.5341 11.0027 17.9558
60.5486 11.0373 17.9808
60.5598 11.0716 18.0056
60.5679 11.1055 18.0301
60.5727 11.139 18.0544
