-0.384842
24.5722
15.0428
8.97055
18.4593
-38.2148
-7.70977
721
-0.384842 16.8625 15.0428
-0.254272 16.8683 15.0402
-0.122512 16.8731 15.0376
0.0102337 16.8767 15.035
0.14404 16.8792 15.0326
0.278926 16.8806 15.0302
0.414934 16.8807 15.0279
0.552001 16.8797 15.0255
0.690165 16.8773 15.0233
0.829332 16.8737 15.0211
0.969681 16.8688 15.0189
1.11097 16.8624 15.0169
1.2534 16.8548 15.0148
1.39685 16.8456 15.0129
1.54138 16.835 15.011
1.68689 16.823 15.0091
1.83339 16.8093 15.0074
1.98095 16.7942 15.0057
2.12939 16.7775 15.0042
2.27888 16.7591 15.0026
2.42919 16.7391 15.0012
2.58043 16.7175 14.9999
2.7326 16.6941 14.9986
2.88553 16.669 14.9975
3.03933 16.6421 14.9966
3.19391 16.6134 14.9956
3.34932 16.5829 14.9949
3.50539 16.5507 14.9942
3.66229 16.5165 14.9935
3.81982 16.4805 14.9931
3.97787 16.4425 14.9928
4.13655 16.4026 14.9927
4.2959 16.3608 14.9926
4.4557 16.317 14.9928
4.61598 16.2712 14.9931
4.77673 16.2235 14.9935
4.93789 16.1737 14.9941
5.09934 16.1218 14.9949
5.26129 16.068 14.9958
5.42334 16.012 14.997
5.58583 15.9541 14.9982
5.74829 15.8939 14.9998
5.9111 15.8318 15.0014
6.07388 15.7676 15.0034
6.23682 15.7012 15.0054
6.39968 15.6327 15.0078
6.56257 15.5621 15.0104
6.72542 15.4895 15.0131
6.88812 15.4147 15.016
7.05063 15.3377 15.0193
7.21301 15.2586 15.0228
7.37496 15.1773 15.0266
7.53668 15.094 15.0306
7.69813 15.0086 15.0348
7.85917 14.9211 15.0393
8.01965 14.8313 15.0442
8.17978 14.7396 15.0491
8.33931 14.6457 15.0545
8.4982 14.5497 15.0602
8.65642 14.4516 15.0662
8.81411 14.3516 15.0723
8.97095 14.2494 15.0788
9.12696 14.1451 15.0858
9.28225 14.0389 15.0929
9.4366 13.9306 15.1004
9.59007 13.8203 15.1082
9.74266 13.708 15.1164
9.89411 13.5937 15.1249
10.0446 13.4775 15.1337
10.1938 13.3594 15.1429
10.3421 13.2393 15.1524
10.489 13.1173 15.1624
10.6348 12.9935 15.1726
10.7792 12.8678 15.1833
10.9223 12.7402 15.1943
11.0642 12.611 15.2056
11.2045 12.4799 15.2174
11.3433 12.347 15.2297
11.4807 12.2124 15.2422
11.6165 12.0761 15.2552
11.7509 11.9382 15.2685
11.8836 11.7986 15.2823
12.0144 11.6573 15.2966
12.1436 11.5146 15.3112
12.2712 11.3702 15.3262
12.397 11.2244 15.3416
12.5208 11.0771 15.3576
12.643 10.9284 15.3739
12.7631 10.7782 15.3907
12.8814 10.6266 15.4079
12.9977 10.4738 15.4256
13.1119 10.3196 15.4438
13.2242 10.1642 15.4622
13.3343 10.0075 15.4813
13.4424 9.84965 15.5009
13.5484 9.69068 15.5208
13.6521 9.5306 15.5413
13.7537 9.36947 15.5621
13.8531 9.20733 15.5835
13.9502 9.04421 15.6054
14.0452 8.88017 15.6276
14.1377 8.71525 15.6505
14.2279 8.54947 15.6738
14.3159 8.38293 15.6976
14.4015 8.21563 15.7218
14.4846 8.04763 15.7466
14.5652 7.87898 15.7719
14.6435 7.70973 15.7976
14.7195 7.53992 15.8238
14.7927 7.36961 15.8506
14.8637 7.19884 15.8778
14.9321 7.02767 15.9056
14.998 6.85614 15.9338
15.0613 6.6843 15.9625
15.1221 6.51221 15.9918
15.1806 6.33989 16.0213
15.2364 6.16743 16.0515
15.2894 5.99489 16.0824
15.3402 5.82228 16.1135
15.3883 5.64966 16.1451
15.4338 5.47712 16.1773
15.4767 5.30467 16.21
15.5171 5.13237 16.2432
15.555 4.96028 16.2768
15.5903 4.78844 16.3108
15.6229 4.61693 16.3455
15.6532 4.44576 16.3805
15.6808 4.27502 16.416
15.7059 4.10475 16.452
15.7285 3.93498 16.4885
15.7486 3.76579 16.5254
15.7662 3.59721 16.5627
15.7816 3.42925 16.6003
15.7942 3.26206 16.6386
15.8044 3.09564 16.6773
15.8124 2.92998 16.7163
15.8179 2.7652 16.7557
15.8209 2.60135 16.7957
15.8218 2.43841 16.8359
15.8202 2.27649 16.8766
15.8164 2.11559 16.9176
15.8105 1.95574 16.9589
15.8022 1.79708 17.0007
15.7919 1.6395 17.0426
15.7793 1.48319 17.0851
15.7647 1.32805 17.1277
15.7479 1.17428 17.1708
15.7292 1.02177 17.214
15.7086 0.870574 17.2575
15.6859 0.720789 17.3013
15.6614 0.572395 17.3453
15.6349 0.425497 17.3896
15.6068 0.27999 17.434
15.577 0.135986 17.4786
15.5454 -0.00648218 17.5233
15.512 -0.147379 17.5683
15.4772 -0.286763 17.6133
15.4408 -0.424583 17.6584
15.4029 -0.560741 17.7037
15.3636 -0.695383 17.7489
15.3228 -0.828296 17.7943
15.2807 -0.959631 17.8396
15.2376 -1.08939 17.8847
15.193 -1.21743 17.9299
15.1474 -1.34384 17.975
15.1006 -1.4686 18.02
15.053 -1.5918 18.0647
15.0043 -1.71331 18.1093
14.9546 -1.83314 18.1538
14.9041 -1.95136 18.1979
14.8529 -2.06798 18.2418
14.8009 -2.18298 18.2854
14.7482 -2.29637 18.3286
14.6949 -2.40824 18.3714
14.641 -2.51848 18.4139
14.5868 -2.62733 18.4557
14.532 -2.73456 18.4971
14.477 -2.84042 18.5379
14.4215 -2.94477 18.5781
14.3659 -3.04776 18.6177
14.3099 -3.14927 18.6566
14.2538 -3.24944 18.6949
14.1977 -3.34842 18.7322
14.1415 -3.44608 18.7687
14.0853 -3.54258 18.8043
14.0291 -3.6378 18.8391
13.9732 -3.73204 18.8727
13.9172 -3.82505 18.9055
13.8615 -3.91711 18.9371
13.806 -4.00811 18.9677
13.7508 -4.09823 18.997
13.696 -4.18749 19.0251
13.6415 -4.27592 19.0519
13.5873 -4.36355 19.0774
13.5337 -4.45057 19.1014
13.4806 -4.53697 19.1239
13.4278 -4.62267 19.145
13.3756 -4.70786 19.1646
13.3239 -4.79256 19.1827
13.2728 -4.87692 19.1989
13.2223 -4.9609 19.2136
13.1723 -5.04448 19.2267
13.1231 -5.128 19.2377
13.0744 -5.21122 19.2471
13.0265 -5.29447 19.2545
12.9792 -5.37762 19.26
12.9326 -5.46074 19.2636
12.8867 -5.544 19.2652
12.8415 -5.62743 19.2647
12.797 -5.71109 19.2621
12.7531 -5.79485 19.2576
12.71 -5.87907 19.2508
12.6676 -5.96361 19.2419
12.6259 -6.04869 19.2308
12.5848 -6.13419 19.2175
12.5444 -6.22012 19.2022
12.5047 -6.30685 19.1844
12.4657 -6.39412 19.1644
12.4273 -6.48225 19.1421
12.3895 -6.57098 19.1177
12.3524 -6.66066 19.0908
12.3158 -6.75117 19.0617
12.2798 -6.84255 19.0304
12.2443 -6.93497 18.9968
12.2094 -7.02835 18.9609
12.1749 -7.12284 18.9228
12.141 -7.2185 18.8823
12.1075 -7.3152 18.8397
12.0744 -7.41314 18.7949
12.0417 -7.51252 18.7476
12.0094 -7.61303 18.6984
11.9773 -7.71487 18.6469
11.9456 -7.8181 18.5934
11.9141 -7.92272 18.5377
11.8828 -8.02877 18.48
11.8517 -8.13645 18.4201
11.8206 -8.24547 18.3584
11.7898 -8.35618 18.2946
11.7589 -8.46844 18.2289
11.728 -8.58231 18.1613
11.6971 -8.69778 18.0919
11.6661 -8.8149 18.0208
11.6349 -8.93386 17.9477
11.6036 -9.0545 17.8731
11.5719 -9.17672 17.7969
11.54 -9.30085 17.719
11.5078 -9.42692 17.6394
11.4752 -9.55462 17.5585
11.4421 -9.68414 17.4762
11.4084 -9.8155 17.3925
11.3742 -9.94872 17.3074
11.3393 -10.0838 17.2211
11.3038 -10.2206 17.1337
11.2675 -10.3595 17.045
11.2304 -10.5002 16.9553
11.1924 -10.6426 16.8647
11.1534 -10.787 16.773
11.1135 -10.9334 16.6804
11.0725 -11.0815 16.587
11.0304 -11.2315 16.4929
10.9871 -11.3832 16.3981
10.9425 -11.537 16.3025
10.8966 -11.6923 16.2066
10.8493 -11.8495 16.11
10.8005 -12.0086 16.013
10.7502 -12.1692 15.9157
10.6984 -12.3316 15.8181
10.6449 -12.4957 15.7202
10.5896 -12.6614 15.6221
10.5326 -12.8288 15.5238
10.4738 -12.9977 15.4256
10.413 -13.1681 15.3273
10.3503 -13.34 15.2291
10.2855 -13.5133 15.131
10.2186 -13.688 15.033
10.1496 -13.8639 14.9355
10.0783 -14.0412 14.8381
10.0049 -14.2198 14.741
9.92901 -14.3994 14.6445
9.85076 -14.5799 14.5485
9.77014 -14.7615 14.4529
9.68698 -14.9443 14.3578
9.60127 -15.1277 14.2634
9.51298 -15.312 14.1697
9.42208 -15.4967 14.0768
9.32846 -15.6823 13.9846
9.23207 -15.8685 13.8932
9.13296 -16.0549 13.8027
9.03109 -16.2417 13.7132
8.92628 -16.4289 13.6246
8.81865 -16.6161 13.537
8.7081 -16.8035 13.4504
8.5946 -16.9906 13.365
8.47815 -17.1778 13.2806
8.3587 -17.3646 13.1975
8.23632 -17.5512 13.1154
8.11085 -17.7373 13.0346
7.98228 -17.9228 12.9552
7.85073 -18.1076 12.8769
7.71615 -18.2915 12.8001
7.57843 -18.4746 12.7245
7.43765 -18.6568 12.6503
7.29383 -18.8377 12.5775
7.14696 -19.0173 12.5061
6.99705 -19.1956 12.4361
6.84402 -19.3726 12.3675
6.68806 -19.5477 12.3005
6.52901 -19.7213 12.2348
6.36698 -19.893 12.1707
6.202 -20.0627 12.1081
6.03409 -20.2301 12.0471
5.86333 -20.3956 11.9874
5.68962 -20.5587 11.9294
5.51306 -20.7194 11.8729
5.33368 -20.8776 11.8178
5.15162 -21.033 11.7644
4.96685 -21.1856 11.7125
4.77937 -21.3355 11.662
4.58936 -21.4821 11.6132
4.39673 -21.626 11.5658
4.2017 -21.7662 11.5201
4.00421 -21.9035 11.4757
3.80435 -22.037 11.433
3.60225 -22.1673 11.3917
3.3979 -22.2937 11.352
3.19147 -22.4164 11.3137
2.98286 -22.5353 11.2769
2.77233 -22.6503 11.2415
2.55996 -22.7612 11.2076
2.34567 -22.8682 11.1751
2.12973 -22.9707 11.1441
1.91208 -23.0691 11.1145
1.69292 -23.1632 11.0863
1.47226 -23.2529 11.0594
1.25017 -23.3381 11.0339
1.02694 -23.4187 11.0098
0.802508 -23.4945 10.987
0.577027 -23.5658 10.9656
0.350508 -23.6322 10.9454
0.123165 -23.694 10.9265
-0.10505 -23.751 10.9089
-0.333837 -23.8029 10.8925
-0.5632 -23.8501 10.8773
-0.793024 -23.8922 10.8634
-1.02325 -23.9295 10.8507
-1.25354 -23.9614 10.8392
-1.48413 -23.9885 10.8288
-1.71469 -24.0106 10.8196
-1.94521 -24.0276 10.8116
-2.17553 -24.0395 10.8046
-2.40545 -24.0461 10.7989
-2.6351 -24.0479 10.7942
-2.86418 -24.0444 10.7906
-3.09263 -24.0359 10.7881
-3.32043 -24.0224 10.7867
-3.54725 -24.0037 10.7863
-3.77324 -23.98 10.7871
-3.99807 -23.9512 10.7888
-4.22183 -23.9174 10.7916
-4.44436 -23.8789 10.7954
-4.66553 -23.8352 10.8003
-4.88526 -23.7868 10.8062
-5.10338 -23.7334 10.8131
-5.3199 -23.6753 10.821
-5.53473 -23.6125 10.8299
-5.74764 -23.5449 10.8399
-5.95867 -23.4727 10.8508
-6.16757 -23.3958 10.8628
-6.37441 -23.3145 10.8758
-6.57907 -23.2288 10.8898
-6.78134 -23.1385 10.9048
-6.9814 -23.0442 10.9208
-7.17887 -22.9455 10.9379
-7.37381 -22.8426 10.9559
-7.56614 -22.7357 10.975
-7.75577 -22.6247 10.9951
-7.94276 -22.5101 11.0162
-8.12672 -22.3913 11.0384
-8.30788 -22.269 11.0616
-8.48602 -22.143 11.0859
-8.66119 -22.0136 11.1112
-8.83318 -21.8806 11.1376
-9.00205 -21.7444 11.165
-9.16776 -21.6049 11.1934
-9.33021 -21.4624 11.223
-9.48935 -21.3169 11.2536
-9.64509 -21.1684 11.2853
-9.79739 -21.017 11.3181
-9.94618 -20.8629 11.3521
-10.0916 -20.7064 11.3871
-10.2335 -20.5474 11.4232
-10.3719 -20.3861 11.4604
-10.5065 -20.2224 11.4988
-10.6377 -20.0567 11.5382
-10.7653 -19.889 11.5788
-10.8891 -19.7194 11.6205
-11.0093 -19.548 11.6634
-11.1259 -19.375 11.7073
-11.2387 -19.2004 11.7525
-11.348 -19.0245 11.7987
-11.4533 -18.8472 11.8461
-11.5552 -18.6689 11.8946
-11.6532 -18.4893 11.9443
-11.7478 -18.3089 11.9951
-11.8385 -18.1276 12.0471
-11.9257 -17.9457 12.1001
-12.0092 -17.7632 12.1543
-12.0891 -17.5801 12.2097
-12.1654 -17.3967 12.2662
-12.2383 -17.213 12.3238
-12.3076 -17.0292 12.3824
-12.3736 -16.8455 12.4422
-12.4361 -16.6617 12.503
-12.4951 -16.478 12.5651
-12.5507 -16.2947 12.6281
-12.6033 -16.1118 12.6922
-12.6525 -15.9292 12.7574
-12.6986 -15.7473 12.8236
-12.7416 -15.566 12.8908
-12.7817 -15.3855 12.959
-12.8186 -15.2058 13.0283
-12.8527 -15.027 13.0984
-12.8842 -14.8492 13.1695
-12.9128 -14.6725 13.2416
-12.9388 -14.4969 13.3146
-12.9621 -14.3225 13.3884
-12.983 -14.1493 13.4632
-13.0016 -13.9776 13.5388
-13.0177 -13.8071 13.6152
-13.0319 -13.6382 13.6923
-13.0438 -13.4707 13.7702
-13.0538 -13.3048 13.8488
-13.0618 -13.1405 13.9281
-13.068 -12.9778 14.0081
-13.0726 -12.8167 14.0886
-13.0754 -12.6573 14.1698
-13.0768 -12.4996 14.2515
-13.0769 -12.3436 14.3336
-13.0757 -12.1894 14.4162
-13.0733 -12.0369 14.4992
-13.0696 -11.8861 14.5827
-13.0651 -11.7371 14.6665
-13.0599 -11.5899 14.7503
-13.0538 -11.4444 14.8345
-13.0469 -11.3007 14.9189
-13.0395 -11.1587 15.0035
-13.0318 -11.0184 15.0879
-13.0235 -10.8797 15.1725
-13.0151 -10.7428 15.257
-13.0064 -10.6075 15.3414
-12.9977 -10.4738 15.4256
-12.989 -10.3416 15.5095
-12.9802 -10.211 15.5933
-12.9719 -10.082 15.6766
-12.9637 -9.95435 15.7594
-12.9558 -9.82809 15.8419
-12.9484 -9.70327 15.9237
-12.9414 -9.57977 16.005
-12.935 -9.45751 16.0855
-12.9293 -9.33644 16.1653
-12.9241 -9.21663 16.2445
-12.9198 -9.09788 16.3225
-12.9162 -8.98019 16.3997
-12.9135 -8.86352 16.4759
-12.9116 -8.74775 16.5512
-12.9107 -8.63292 16.6251
-12.9109 -8.51897 16.6978
-12.912 -8.40574 16.7693
-12.914 -8.29323 16.8396
-12.9174 -8.1814 16.9083
-12.9217 -8.07017 16.9757
-12.9271 -7.95952 17.0416
-12.9337 -7.84931 17.1059
-12.9414 -7.73959 17.1686
-12.9503 -7.63023 17.2296
-12.9602 -7.52124 17.2891
-12.9715 -7.4125 17.3467
-12.984 -7.30395 17.4024
-12.9976 -7.19562 17.4563
-13.0123 -7.08737 17.5085
-13.0283 -6.97921 17.5586
-13.0455 -6.87112 17.6067
-13.0637 -6.76295 17.6529
-13.0831 -6.65473 17.6971
-13.1036 -6.54642 17.7393
-13.1253 -6.43797 17.7792
-13.148 -6.32929 17.8173
-13.1718 -6.2204 17.8531
-13.1967 -6.11125 17.8868
-13.2226 -6.00175 17.9184
-13.2495 -5.89193 17.9478
-13.2773 -5.78167 17.9751
-13.3059 -5.67107 18.0004
-13.3357 -5.56 18.0233
-13.3664 -5.44845 18.0439
-13.3978 -5.3364 18.0626
-13.43 -5.22379 18.0791
-13.4632 -5.11064 18.0933
-13.497 -4.99688 18.1055
-13.5316 -4.88254 18.1155
-13.5668 -4.76749 18.1235
-13.6027 -4.65188 18.1293
-13.6393 -4.53549 18.133
-13.6763 -4.41849 18.1348
-13.7141 -4.30066 18.1344
-13.7522 -4.18215 18.1323
-13.791 -4.06283 18.1278
-13.8301 -3.94274 18.1216
-13.8695 -3.82187 18.1136
-13.9094 -3.70019 18.1035
-13.9496 -3.57765 18.0917
-13.9902 -3.45422 18.078
-14.0309 -3.33 18.0627
-14.0718 -3.20492 18.0456
-14.1129 -3.07891 18.0268
-14.1542 -2.95195 18.0064
-14.1955 -2.82411 17.9845
-14.2367 -2.69535 17.9612
-14.2781 -2.5656 17.9362
-14.3193 -2.43497 17.9099
-14.3605 -2.30331 17.8821
-14.4015 -2.17071 17.8532
-14.4422 -2.03719 17.823
-14.4828 -1.90261 17.7916
-14.523 -1.76709 17.759
-14.5629 -1.63052 17.7255
-14.6022 -1.49306 17.6911
-14.6411 -1.35456 17.6557
-14.6796 -1.21501 17.6193
-14.7175 -1.07449 17.5822
-14.7547 -0.932949 17.5444
-14.7913 -0.790446 17.5058
-14.8271 -0.646902 17.4666
-14.8621 -0.502431 17.427
-14.8963 -0.356937 17.3868
-14.9294 -0.210566 17.3464
-14.9617 -0.0631617 17.3054
-14.9927 0.0851223 17.2644
-15.0228 0.23435 17.223
-15.0517 0.384426 17.1815
-15.0795 0.535476 17.1397
-15.1061 0.687369 17.0979
-15.1311 0.840022 17.0563
-15.1549 0.993505 17.0147
-15.1772 1.1477 16.9732
-15.1981 1.30274 16.9318
-15.2173 1.45836 16.8907
-15.2351 1.6148 16.8498
-15.2511 1.77179 16.8093
-15.2656 1.92944 16.769
-15.2782 2.08762 16.7293
-15.2892 2.24629 16.6899
-15.2983 2.40545 16.651
-15.3056 2.56508 16.6126
-15.3109 2.72502 16.5748
-15.3142 2.88525 16.5377
-15.3158 3.04585 16.501
-15.3153 3.20672 16.4649
-15.3129 3.36779 16.4295
-15.3083 3.52892 16.3949
-15.3018 3.6902 16.3608
-15.2933 3.85163 16.3273
-15.2826 4.01287 16.2947
-15.2699 4.1742 16.2627
-15.255 4.3353 16.2316
-15.238 4.49629 16.2011
-15.219 4.65714 16.1714
-15.1977 4.81767 16.1425
-15.1743 4.97787 16.1144
-15.1487 5.13768 16.0871
-15.1212 5.29726 16.0604
-15.0915 5.45626 16.0345
-15.0596 5.61482 16.0095
-15.0256 5.77273 15.9852
-14.9896 5.93016 15.9616
-14.9516 6.08707 15.9387
-14.9114 6.24311 15.9167
-14.8692 6.39859 15.8952
-14.8249 6.55317 15.8747
-14.7788 6.70712 15.8547
-14.7304 6.86014 15.8356
-14.6803 7.01234 15.817
-14.6282 7.16373 15.7992
-14.5742 7.31407 15.782
-14.5183 7.46358 15.7654
-14.4606 7.61201 15.7494
-14.4009 7.75939 15.7342
-14.3396 7.90585 15.7195
-14.2765 8.05121 15.7053
-14.2115 8.19527 15.6919
-14.145 8.33836 15.6789
-14.0767 8.48033 15.6664
-14.0068 8.62113 15.6545
-13.9353 8.76076 15.6431
-13.8622 8.8992 15.6321
-13.7876 9.03624 15.6217
-13.7115 9.17227 15.6116
-13.6339 9.30688 15.6021
-13.5549 9.44025 15.593
-13.4745 9.57237 15.5842
-13.3927 9.70325 15.5758
-13.3097 9.83283 15.5677
-13.2253 9.96094 15.5601
-13.1396 10.0877 15.5528
-13.0528 10.2134 15.5456
-12.9647 10.3376 15.5389
-12.8754 10.4603 15.5326
-12.7851 10.5818 15.5264
-12.6937 10.702 15.5205
-12.6013 10.8207 15.5147
-12.5078 10.9381 15.5093
-12.4133 11.0541 15.504
-12.3179 11.1688 15.4988
-12.2216 11.282 15.494
-12.1244 11.3939 15.4893
-12.0263 11.5045 15.4846
-11.9275 11.6137 15.4801
-11.8278 11.7213 15.4758
-11.7273 11.8277 15.4716
-11.6262 11.9327 15.4675
-11.5244 12.0363 15.4634
-11.4218 12.1385 15.4595
-11.3187 12.2394 15.4556
-11.2149 12.3389 15.4517
-11.1105 12.4371 15.448
-11.0056 12.5339 15.4442
-10.9002 12.6293 15.4404
-10.7943 12.7234 15.4367
-10.6879 12.8162 15.433
-10.581 12.9075 15.4293
-10.4738 12.9977 15.4256
-10.3661 13.0864 15.4218
-10.2581 13.1738 15.4182
-10.1497 13.2599 15.4144
-10.0411 13.3446 15.4107
-9.93209 13.4282 15.4068
-9.82284 13.5103 15.403
-9.71335 13.5911 15.3991
-9.60362 13.6707 15.3952
-9.49371 13.7492 15.3911
-9.38361 13.8262 15.387
-9.27333 13.9019 15.3831
-9.16293 13.9764 15.3789
-9.0524 14.0497 15.3747
-8.94176 14.1219 15.3704
-8.83105 14.1927 15.366
-8.72027 14.2622 15.3618
-8.60943 14.3306 15.3573
-8.49858 14.3978 15.3528
-8.38771 14.4638 15.3483
-8.27683 14.5287 15.3436
-8.16597 14.5923 15.339
-8.05513 14.6549 15.3342
-7.94436 14.7162 15.3295
-7.83363 14.7764 15.3247
-7.72298 14.8355 15.3199
-7.61241 14.8935 15.315
-7.50192 14.9504 15.31
-7.39153 15.0062 15.305
-7.28124 15.061 15.2999
-7.17107 15.1147 15.2949
-7.06105 15.1673 15.2898
-6.95112 15.219 15.2847
-6.84134 15.2696 15.2795
-6.7317 15.3192 15.2744
-6.62222 15.3677 15.2693
-6.51282 15.4155 15.264
-6.4036 15.4621 15.2589
-6.29454 15.5078 15.2537
-6.18557 15.5527 15.2485
-6.07671 15.5967 15.2432
-5.96801 15.6397 15.2381
-5.85944 15.6819 15.2329
-5.75098 15.7232 15.2277
-5.64264 15.7636 15.2227
-5.53437 15.8032 15.2176
-5.42616 15.8421 15.2125
-5.31807 15.8801 15.2075
-5.20997 15.9173 15.2024
-5.102 15.9537 15.1975
-4.99394 15.9895 15.1925
-4.88599 16.0244 15.1877
-4.77794 16.0587 15.1828
-4.66991 16.0922 15.1781
-4.56176 16.1251 15.1733
-4.45355 16.1573 15.1686
-4.34525 16.1887 15.1641
-4.23679 16.2196 15.1595
-4.12815 16.2498 15.1549
-4.01939 16.2792 15.1505
-3.91033 16.3081 15.1461
-3.80105 16.3364 15.1418
-3.69152 16.364 15.1375
-3.58171 16.3909 15.1334
-3.47153 16.4173 15.1293
-3.36096 16.443 15.1252
-3.24997 16.4682 15.1212
-3.13855 16.4927 15.1172
-3.02666 16.5166 15.1133
-2.91428 16.5398 15.1095
-2.80141 16.5624 15.1058
-2.68791 16.5844 15.1021
-2.57386 16.6057 15.0985
-2.45914 16.6264 15.095
-2.34382 16.6464 15.0915
-2.22769 16.6658 15.088
-2.11092 16.6844 15.0846
-1.99339 16.7024 15.0813
-1.87507 16.7196 15.0781
-1.75595 16.7361 15.0749
-1.6359 16.7519 15.0716
-1.51511 16.7668 15.0686
-1.39335 16.7809 15.0655
-1.2707 16.7943 15.0625
-1.14715 16.8067 15.0596
-1.02258 16.8184 15.0566
-0.897066 16.8291 15.0538
-0.770499 16.8389 15.0509
-0.642961 16.8478 15.0481
-0.514454 16.8556 15.0454
-0.384842 16.8625 15.0428
8.97055 10.7495 -38.2148
9.06398 10.6705 -38.2431
9.15673 10.5908 -38.2719
9.24877 10.5103 -38.3014
9.34012 10.4291 -38.3313
9.43076 10.3471 -38.3619
9.52069 10.2643 -38.3929
9.6099 10.1809 -38.4246
9.69839 10.0967 -38.4566
9.78615 10.0118 -38.4892
9.87318 9.92618 -38.5221
9.95948 9.83988 -38.5553
10.045 9.75288 -38.589
10.1298 9.66521 -38.623
10.2139 9.57686 -38.6572
10.2972 9.48785 -38.6917
10.3797 9.39817 -38.7262
10.4615 9.30785 -38.7612
10.5425 9.21688 -38.7963
10.6228 9.12527 -38.8315
10.7023 9.03302 -38.8667
10.7809 8.94015 -38.9023
10.8588 8.84666 -38.9376
10.936 8.75256 -38.9731
11.0123 8.65784 -39.0084
11.0878 8.56252 -39.0437
11.1625 8.46659 -39.0788
11.2364 8.37009 -39.1141
11.3095 8.27299 -39.1491
11.3818 8.1753 -39.1839
11.4532 8.07703 -39.2186
11.5238 7.97819 -39.2528
11.5936 7.87878 -39.287
11.6626 7.7788 -39.3207
11.7307 7.67825 -39.3541
11.7979 7.57716 -39.3874
11.8643 7.4755 -39.4201
11.9299 7.3733 -39.4524
11.9945 7.27054 -39.4842
12.0583 7.16725 -39.5157
12.1213 7.06342 -39.5467
12.1833 6.95904 -39.577
12.2444 6.85415 -39.607
12.3047 6.74871 -39.6363
12.364 6.64277 -39.6651
12.4225 6.53629 -39.6932
12.48 6.4293 -39.7206
12.5366 6.32181 -39.7476
12.5922 6.2138 -39.7738
12.6469 6.10529 -39.7993
12.7007 5.99628 -39.8239
12.7535 5.88677 -39.8479
12.8054 5.77677 -39.8711
12.8563 5.6663 -39.8937
12.9062 5.55535 -39.9155
12.9551 5.44391 -39.9362
13.0031 5.33203 -39.9564
13.05 5.21966 -39.9756
13.096 5.10684 -39.994
13.1409 4.99357 -40.0114
13.1849 4.87988 -40.0282
13.2278 4.76573 -40.044
13.2697 4.65115 -40.0587
13.3105 4.53615 -40.0727
13.3503 4.42074 -40.0858
13.3891 4.30492 -40.098
13.4268 4.18869 -40.109
13.4634 4.07208 -40.1192
13.499 3.95509 -40.1286
13.5335 3.83772 -40.1368
13.567 3.71999 -40.1443
13.5993 3.60189 -40.1506
13.6306 3.48346 -40.1562
13.6607 3.36468 -40.1605
13.6898 3.24557 -40.1639
13.7178 3.12617 -40.1667
13.7446 3.00645 -40.1682
13.7704 2.88642 -40.1686
13.795 2.76611 -40.1681
13.8185 2.64553 -40.1667
13.8409 2.52469 -40.1645
13.8622 2.40359 -40.161
13.8823 2.28225 -40.1565
13.9013 2.16068 -40.1512
13.9192 2.0389 -40.1449
13.936 1.91692 -40.1377
13.9516 1.79473 -40.1294
13.9661 1.67238 -40.1203
13.9794 1.54985 -40.1101
13.9916 1.42716 -40.099
14.0027 1.30433 -40.0869
14.0126 1.18136 -40.0739
14.0214 1.05829 -40.0601
14.0291 0.935101 -40.0452
14.0356 0.81182 -40.0293
14.041 0.688462 -40.0127
14.0452 0.56503 -39.995
14.0483 0.441549 -39.9766
14.0503 0.318023 -39.9572
14.0512 0.194465 -39.9369
14.0509 0.0708973 -39.9159
14.0495 -0.0526827 -39.8939
14.047 -0.176254 -39.871
14.0433 -0.299802 -39.8473
14.0386 -0.423315 -39.8229
14.0327 -0.546788 -39.7975
14.0257 -0.670206 -39.7713
14.0177 -0.79355 -39.7443
14.0085 -0.916808 -39.7167
13.9982 -1.03998 -39.688
13.9869 -1.16304 -39.6587
13.9744 -1.28599 -39.6287
13.9609 -1.4088 -39.5979
13.9463 -1.53148 -39.5663
13.9307 -1.654 -39.5341
13.9139 -1.77636 -39.5013
13.8962 -1.89855 -39.4676
13.8773 -2.02055 -39.4331
13.8574 -2.14236 -39.3982
13.8365 -2.26395 -39.3626
13.8146 -2.38534 -39.3262
13.7916 -2.5065 -39.2892
13.7676 -2.62742 -39.2517
13.7425 -2.74809 -39.2135
13.7165 -2.86851 -39.1748
13.6895 -2.98866 -39.1354
13.6615 -3.10853 -39.0957
13.6325 -3.22813 -39.0552
13.6025 -3.34743 -39.0142
13.5715 -3.46642 -38.9728
13.5396 -3.58511 -38.9308
13.5067 -3.70348 -38.8883
13.4729 -3.82152 -38.8456
13.4381 -3.93923 -38.8022
13.4023 -4.0566 -38.7583
13.3657 -4.17362 -38.7142
13.3281 -4.29028 -38.6696
13.2896 -4.40657 -38.6246
13.2501 -4.52249 -38.5793
13.2098 -4.63804 -38.5335
13.1686 -4.7532 -38.4875
13.1265 -4.86797 -38.4412
13.0834 -4.98234 -38.3945
13.0395 -5.09631 -38.3477
12.9948 -5.20986 -38.3005
12.9491 -5.323 -38.2532
12.9026 -5.43572 -38.2055
12.8552 -5.54801 -38.1577
12.807 -5.65987 -38.1098
12.7579 -5.77129 -38.0616
12.708 -5.88226 -38.0134
12.6573 -5.99279 -37.9649
12.6057 -6.10286 -37.9165
12.5533 -6.21247 -37.868
12.5 -6.32162 -37.8194
12.4459 -6.4303 -37.7707
12.391 -6.5385 -37.7221
12.3353 -6.64622 -37.6736
12.2788 -6.75346 -37.6249
12.2215 -6.86022 -37.5766
12.1634 -6.96648 -37.528
12.1044 -7.07224 -37.4798
12.0447 -7.17749 -37.4317
11.9841 -7.28224 -37.3837
11.9228 -7.38648 -37.336
11.8606 -7.4902 -37.2884
11.7977 -7.59339 -37.2413
11.7339 -7.69606 -37.1944
11.6694 -7.79819 -37.1477
11.6041 -7.89979 -37.1014
11.538 -8.00084 -37.0554
11.471 -8.10134 -37.0099
11.4033 -8.20129 -36.9647
11.3348 -8.30068 -36.9201
11.2655 -8.39949 -36.8759
11.1953 -8.49774 -36.8325
11.1244 -8.5954 -36.7894
11.0527 -8.69248 -36.747
10.9801 -8.78897 -36.7053
10.9068 -8.88485 -36.6643
10.8326 -8.98013 -36.6238
10.7576 -9.07479 -36.5841
10.6818 -9.16882 -36.5453
10.6052 -9.26222 -36.5074
10.5277 -9.35498 -36.4703
10.4494 -9.44709 -36.4341
10.3702 -9.53854 -36.399
10.2903 -9.62933 -36.3647
10.2094 -9.71943 -36.3315
10.1278 -9.80884 -36.2994
10.0452 -9.89755 -36.2684
9.96184 -9.98556 -36.2387
9.87757 -10.0728 -36.2102
9.79245 -10.1594 -36.1829
9.70644 -10.2452 -36.157
9.61953 -10.3302 -36.1326
9.53177 -10.4145 -36.1094
9.44312 -10.498 -36.0877
9.35358 -10.5806 -36.0675
9.26313 -10.6625 -36.049
9.1718 -10.7435 -36.032
9.07959 -10.8238 -36.0165
8.98644 -10.9031 -36.003
8.89243 -10.9816 -35.9911
8.79748 -11.0592 -35.9811
8.70165 -11.1359 -35.9729
8.60493 -11.2117 -35.9665
8.50729 -11.2865 -35.9622
8.40876 -11.3604 -35.9599
8.30933 -11.4334 -35.9596
8.20904 -11.5054 -35.9613
8.10785 -11.5764 -35.9652
8.0058 -11.6464 -35.9712
7.90286 -11.7154 -35.9795
7.79908 -11.7834 -35.9899
7.69447 -11.8503 -36.0025
7.589 -11.9162 -36.0176
7.48273 -11.9811 -36.0349
7.37562 -12.0448 -36.0547
7.26775 -12.1075 -36.0767
7.15909 -12.1691 -36.1012
7.04968 -12.2296 -36.1281
6.93953 -12.289 -36.1574
6.82866 -12.3473 -36.1893
6.71711 -12.4045 -36.2235
6.60488 -12.4606 -36.2603
6.49199 -12.5155 -36.2996
6.3785 -12.5694 -36.3413
6.26441 -12.6221 -36.3855
6.14972 -12.6737 -36.4324
6.03451 -12.7242 -36.4816
5.91879 -12.7736 -36.5334
5.80259 -12.8219 -36.5876
5.68593 -12.8691 -36.6442
5.56886 -12.9152 -36.7033
5.45138 -12.9602 -36.7649
5.33355 -13.0041 -36.8288
5.21539 -13.047 -36.8952
5.09693 -13.0889 -36.9639
4.97821 -13.1297 -37.0349
4.85926 -13.1696 -37.1081
4.7401 -13.2084 -37.1835
4.62077 -13.2463 -37.2613
4.5013 -13.2832 -37.3412
4.38172 -13.3192 -37.423
4.26206 -13.3543 -37.507
4.14233 -13.3885 -37.5932
4.02259 -13.4218 -37.6812
3.90284 -13.4543 -37.771
3.78312 -13.4859 -37.8627
3.66345 -13.5168 -37.9561
3.54385 -13.5469 -38.0513
3.42434 -13.5763 -38.148
3.30494 -13.6049 -38.2465
3.18568 -13.6328 -38.3464
3.06657 -13.6601 -38.4476
2.94762 -13.6867 -38.5502
2.82884 -13.7127 -38.6543
2.71026 -13.738 -38.7594
2.59188 -13.7628 -38.8657
2.47371 -13.7871 -38.973
2.35576 -13.8108 -39.0815
2.23802 -13.8339 -39.1906
2.12052 -13.8566 -39.3006
2.00324 -13.8788 -39.4114
1.8862 -13.9006 -39.5228
1.76938 -13.9218 -39.6348
1.65279 -13.9427 -39.7473
1.53642 -13.9631 -39.8601
1.42027 -13.9831 -39.9735
1.30433 -14.0027 -40.0869
1.18859 -14.0219 -40.2006
1.07306 -14.0407 -40.3145
0.957693 -14.0591 -40.4282
0.842513 -14.0772 -40.542
0.727483 -14.0948 -40.6555
0.612606 -14.1121 -40.7689
0.497874 -14.129 -40.8821
0.383248 -14.1455 -40.9949
0.268717 -14.1615 -41.1071
0.154298 -14.1772 -41.219
0.0399508 -14.1925 -41.3304
-0.0743517 -14.2074 -41.441
-0.188608 -14.2218 -41.551
-0.302845 -14.2357 -41.6602
-0.417074 -14.2492 -41.7686
-0.531309 -14.2622 -41.8762
-0.645578 -14.2747 -41.9827
-0.759876 -14.2867 -42.0884
-0.874248 -14.2981 -42.1929
-0.988689 -14.3089 -42.2963
-1.10321 -14.3192 -42.3987
-1.21785 -14.3288 -42.4997
-1.3326 -14.3378 -42.5996
-1.44748 -14.3461 -42.6981
-1.56248 -14.3538 -42.7955
-1.67766 -14.3607 -42.8913
-1.79302 -14.3668 -42.9856
-1.90854 -14.3722 -43.0785
-2.02425 -14.3767 -43.1699
-2.14016 -14.3803 -43.2597
-2.25626 -14.3831 -43.348
-2.37258 -14.3849 -43.4346
-2.4891 -14.3858 -43.5196
-2.60583 -14.3858 -43.603
-2.72279 -14.3846 -43.6846
-2.83997 -14.3825 -43.7645
-2.95737 -14.3792 -43.8426
-3.07498 -14.3748 -43.919
-3.19282 -14.3693 -43.9935
-3.31088 -14.3625 -44.066
-3.42913 -14.3546 -44.137
-3.5476 -14.3454 -44.2059
-3.66626 -14.3348 -44.2729
-3.78511 -14.323 -44.338
-3.90414 -14.3098 -44.4012
-4.02335 -14.2952 -44.4624
-4.1427 -14.2792 -44.5216
-4.26221 -14.2617 -44.5788
-4.38184 -14.2428 -44.6342
-4.5016 -14.2223 -44.6873
-4.62143 -14.2003 -44.7387
-4.74137 -14.1767 -44.7877
-4.86135 -14.1516 -44.835
-4.9814 -14.1248 -44.88
-5.10145 -14.0964 -44.9231
-5.22152 -14.0663 -44.9639
-5.34156 -14.0345 -45.0028
-5.46156 -14.0011 -45.0396
-5.58148 -13.9659 -45.0744
-5.70132 -13.9289 -45.1069
-5.82105 -13.8902 -45.1373
-5.94062 -13.8498 -45.1658
-6.06002 -13.8076 -45.1923
-6.17923 -13.7635 -45.2164
-6.29821 -13.7176 -45.2386
-6.41693 -13.67 -45.2586
-6.53537 -13.6205 -45.2765
-6.6535 -13.5691 -45.2923
-6.77129 -13.516 -45.3061
-6.8887 -13.461 -45.3178
-7.00571 -13.4042 -45.3273
-7.12229 -13.3456 -45.335
-7.2384 -13.2851 -45.3405
-7.35403 -13.2228 -45.344
-7.46913 -13.1587 -45.3455
-7.58367 -13.0928 -45.3448
-7.69764 -13.0251 -45.3423
-7.81099 -12.9556 -45.3377
-7.9237 -12.8843 -45.3311
-8.03574 -12.8112 -45.3225
-8.14708 -12.7365 -45.312
-8.2577 -12.66 -45.2995
-8.36756 -12.5818 -45.2852
-8.47663 -12.5019 -45.2689
-8.58491 -12.4203 -45.2508
-8.69234 -12.3371 -45.2308
-8.79892 -12.2523 -45.2089
-8.90461 -12.1659 -45.1852
-9.0094 -12.078 -45.1599
-9.11325 -11.9885 -45.1326
-9.21616 -11.8975 -45.1037
-9.31809 -11.805 -45.0729
-9.41903 -11.7111 -45.0406
-9.51896 -11.6158 -45.0067
-9.61786 -11.5191 -44.971
-9.71571 -11.4211 -44.9338
-9.81249 -11.3217 -44.895
-9.9082 -11.221 -44.8546
-10.0028 -11.1192 -44.8128
-10.0963 -11.0161 -44.7693
-10.1887 -10.9118 -44.7247
-10.2799 -10.8064 -44.6784
-10.3701 -10.6999 -44.6308
-10.459 -10.5924 -44.5819
-10.5468 -10.4838 -44.5316
-10.6334 -10.3742 -44.4803
-10.7189 -10.2637 -44.4274
-10.8032 -10.1522 -44.3735
-10.8863 -10.0399 -44.3184
-10.9682 -9.92672 -44.2623
-11.0489 -9.81271 -44.2049
-11.1284 -9.69794 -44.1466
-11.2067 -9.58244 -44.0874
-11.2839 -9.46624 -44.0271
-11.3598 -9.34937 -43.966
-11.4345 -9.23184 -43.9039
-11.5081 -9.1137 -43.841
-11.5804 -8.99496 -43.7772
-11.6516 -8.87569 -43.7128
-11.7216 -8.75593 -43.6476
-11.7904 -8.63569 -43.5819
-11.8581 -8.51496 -43.5154
-11.9245 -8.39383 -43.4484
-11.9898 -8.2723 -43.3809
-12.054 -8.15038 -43.3128
-12.117 -8.02813 -43.2443
-12.1789 -7.90557 -43.1755
-12.2396 -7.78267 -43.1062
-12.2992 -7.65953 -43.0367
-12.3577 -7.5361 -42.9668
-12.415 -7.41249 -42.8969
-12.4713 -7.28861 -42.8265
-12.5265 -7.16459 -42.7563
-12.5805 -7.04036 -42.6858
-12.6335 -6.91601 -42.6153
-12.6855 -6.79151 -42.5449
-12.7363 -6.66686 -42.4744
-12.7861 -6.54213 -42.404
-12.8349 -6.4173 -42.3338
-12.8827 -6.29239 -42.2638
-12.9294 -6.16743 -42.1942
-12.9751 -6.0424 -42.1247
-13.0197 -5.91731 -42.0554
-13.0634 -5.79219 -41.9865
-13.106 -5.66707 -41.9181
-13.1477 -5.54189 -41.85
-13.1884 -5.41672 -41.7825
-13.2281 -5.29156 -41.7155
-13.2668 -5.1664 -41.6491
-13.3046 -5.04123 -41.5832
-13.3414 -4.91609 -41.518
-13.3772 -4.79098 -41.4536
-13.4121 -4.66588 -41.3899
-13.4461 -4.54081 -41.3269
-13.4791 -4.41576 -41.2647
-13.5111 -4.29075 -41.2034
-13.5423 -4.16579 -41.143
-13.5724 -4.04085 -41.0834
-13.6017 -3.91597 -41.025
-13.63 -3.79111 -40.9674
-13.6574 -3.66631 -40.911
-13.6839 -3.54155 -40.8556
-13.7095 -3.41684 -40.8014
-13.7341 -3.29218 -40.7483
-13.7578 -3.16754 -40.6963
-13.7806 -3.04297 -40.6456
-13.8025 -2.91846 -40.5963
-13.8234 -2.79398 -40.5482
-13.8435 -2.66955 -40.5015
-13.8625 -2.54517 -40.456
-13.8807 -2.42084 -40.4121
-13.898 -2.29657 -40.3697
-13.9143 -2.17235 -40.3288
-13.9297 -2.04818 -40.2893
-13.9442 -1.92406 -40.2513
-13.9578 -1.8 -40.2152
-13.9704 -1.67599 -40.1805
-13.9821 -1.55205 -40.1476
-13.9929 -1.42815 -40.1164
-14.0027 -1.30433 -40.0869
-14.0116 -1.18057 -40.0593
-14.0196 -1.05687 -40.0335
-14.0266 -0.933246 -40.0096
-14.0327 -0.809697 -39.9877
-14.0379 -0.686213 -39.9675
-14.0421 -0.562821 -39.9496
-14.0454 -0.439509 -39.9336
-14.0478 -0.316282 -39.9197
-14.0492 -0.193147 -39.9078
-14.0497 -0.0701134 -39.8982
-14.0493 0.0528168 -39.8908
-14.0479 0.175639 -39.8855
-14.0457 0.298347 -39.8825
-14.0425 0.420941 -39.8817
-14.0384 0.543399 -39.8834
-14.0334 0.665712 -39.8877
-14.0275 0.787896 -39.8941
-14.0207 0.909935 -39.9028
-14.013 1.03181 -39.9143
-14.0045 1.15352 -39.928
-13.9951 1.27506 -39.9444
-13.9848 1.39642 -39.9631
-13.9737 1.51759 -39.9846
-13.9617 1.63857 -40.0086
-13.9489 1.75934 -40.035
-13.9354 1.8799 -40.0641
-13.921 2.00023 -40.096
-13.9059 2.12034 -40.1303
-13.89 2.24022 -40.167
-13.8734 2.35984 -40.2066
-13.8561 2.47921 -40.2489
-13.838 2.59833 -40.2935
-13.8193 2.71718 -40.3406
-13.7999 2.83577 -40.3902
-13.78 2.95406 -40.4427
-13.7593 3.0721 -40.4971
-13.7381 3.18983 -40.5543
-13.7163 3.30728 -40.6139
-13.6939 3.42444 -40.6756
-13.6711 3.5413 -40.7397
-13.6476 3.65788 -40.8057
-13.6237 3.77416 -40.8739
-13.5993 3.89014 -40.9444
-13.5745 4.00582 -41.0169
-13.5492 4.12122 -41.0911
-13.5235 4.23634 -41.167
-13.4974 4.35116 -41.245
-13.4708 4.46571 -41.3241
-13.4439 4.57998 -41.4052
-13.4165 4.69399 -41.4871
-13.3888 4.80774 -41.5707
-13.3607 4.92123 -41.6553
-13.3322 5.03448 -41.7408
-13.3032 5.1475 -41.8272
-13.2739 5.26029 -41.9143
-13.2442 5.37285 -42.0023
-13.214 5.48521 -42.0906
-13.1833 5.59737 -42.1789
-13.1522 5.70933 -42.2679
-13.1206 5.82112 -42.3566
-13.0885 5.93272 -42.4454
-13.0558 6.04416 -42.5339
-13.0225 6.15543 -42.6222
-12.9886 6.26655 -42.7098
-12.9541 6.37751 -42.7969
-12.9188 6.48833 -42.883
-12.8828 6.59901 -42.9681
-12.8459 6.70953 -43.0523
-12.8083 6.81991 -43.1352
-12.7698 6.93013 -43.2172
-12.7303 7.0402 -43.2974
-12.6898 7.15012 -43.3761
-12.6482 7.25986 -43.4532
-12.6057 7.36943 -43.5287
-12.5618 7.47881 -43.6019
-12.5168 7.588 -43.6733
-12.4706 7.69696 -43.7427
-12.4231 7.80569 -43.8101
-12.3742 7.91417 -43.8752
-12.3239 8.02238 -43.9378
-12.2722 8.1303 -43.9984
-12.219 8.2379 -44.0565
-12.1643 8.34517 -44.112
-12.1081 8.45206 -44.1653
-12.0501 8.55856 -44.2155
-11.9906 8.66464 -44.2635
-11.9294 8.77026 -44.3086
-11.8665 8.87541 -44.3511
-11.8019 8.98004 -44.3911
-11.7356 9.08413 -44.4284
-11.6676 9.18764 -44.463
-11.5977 9.29054 -44.4946
-11.5261 9.3928 -44.5237
-11.4527 9.49438 -44.5501
-11.3775 9.59526 -44.5738
-11.3005 9.69539 -44.5946
-11.2217 9.79474 -44.6127
-11.1411 9.89328 -44.6281
-11.0588 9.991 -44.6409
-10.9746 10.0878 -44.6508
-10.8888 10.1838 -44.6583
-10.8011 10.2788 -44.6629
-10.7117 10.3728 -44.665
-10.6205 10.4658 -44.6644
-10.5277 10.5578 -44.6611
-10.4333 10.6488 -44.6556
-10.3371 10.7387 -44.6472
-10.2394 10.8275 -44.6366
-10.14 10.9151 -44.6232
-10.0391 11.0016 -44.6077
-9.93669 11.0869 -44.5896
-9.83274 11.1711 -44.5691
-9.72742 11.254 -44.5465
-9.62062 11.3357 -44.5214
-9.51246 11.4162 -44.4942
-9.40297 11.4954 -44.4647
-9.29213 11.5733 -44.4329
-9.17997 11.6499 -44.3987
-9.06663 11.7252 -44.3626
-8.95219 11.7992 -44.3247
-8.83658 11.8719 -44.2846
-8.71982 11.9432 -44.2424
-8.60204 12.0132 -44.1983
-8.48327 12.0819 -44.1524
-8.36354 12.1492 -44.1046
-8.24285 12.2152 -44.0549
-8.12136 12.2798 -44.0036
-7.99891 12.3431 -43.9503
-7.8758 12.405 -43.8957
-7.75182 12.4655 -43.839
-7.62725 12.5248 -43.7812
-7.50195 12.5827 -43.7216
-7.37607 12.6392 -43.6607
-7.24959 12.6945 -43.5982
-7.1226 12.7484 -43.5345
-6.99508 12.801 -43.4694
-6.86711 12.8523 -43.403
-6.73873 12.9023 -43.3354
-6.60992 12.951 -43.2665
-6.48085 12.9985 -43.1969
-6.3514 13.0446 -43.1259
-6.2217 13.0896 -43.054
-6.09173 13.1333 -42.9811
-5.96156 13.1758 -42.9073
-5.8312 13.217 -42.8327
-5.70069 13.2571 -42.7572
-5.57003 13.296 -42.681
-5.4393 13.3338 -42.6042
-5.30851 13.3703 -42.5268
-5.17764 13.4058 -42.4487
-5.04677 13.4401 -42.3702
-4.91589 13.4733 -42.2912
-4.78501 13.5054 -42.2117
-4.65421 13.5365 -42.132
-4.52343 13.5665 -42.0519
-4.39269 13.5954 -41.9713
-4.26209 13.6233 -41.8907
-4.13157 13.6501 -41.8099
-4.0012 13.676 -41.7292
-3.87092 13.7008 -41.6482
-3.74081 13.7247 -41.5673
-3.61085 13.7476 -41.4865
-3.48103 13.7695 -41.4056
-3.3514 13.7905 -41.325
-3.22194 13.8105 -41.2445
-3.09267 13.8296 -41.1642
-2.96359 13.8477 -41.0842
-2.8347 13.865 -41.0045
-2.70602 13.8813 -40.9252
-2.57755 13.8968 -40.8464
-2.44925 13.9113 -40.7676
-2.3212 13.9249 -40.6897
-2.19334 13.9377 -40.6122
-2.06569 13.9496 -40.5351
-1.93827 13.9606 -40.4588
-1.81106 13.9708 -40.3831
-1.68405 13.98 -40.3079
-1.55727 13.9885 -40.2336
-1.43069 13.996 -40.1598
-1.30433 14.0027 -40.0869
-1.17818 14.0085 -40.0148
-1.05223 14.0135 -39.9435
-0.926498 14.0176 -39.873
-0.800965 14.0209 -39.8034
-0.675645 14.0233 -39.7348
-0.55052 14.0248 -39.667
-0.425596 14.0255 -39.6001
-0.300874 14.0253 -39.5343
-0.176353 14.0242 -39.4696
-0.0520232 14.0223 -39.4058
0.0721166 14.0195 -39.3429
0.196058 14.0158 -39.2812
0.31981 14.0112 -39.2206
0.443368 14.0058 -39.1612
0.566739 13.9994 -39.1028
0.689923 13.9922 -39.0454
0.812916 13.984 -38.9893
0.93572 13.975 -38.9344
1.05834 13.965 -38.8806
1.18076 13.9541 -38.8281
1.303 13.9423 -38.7766
1.42505 13.9296 -38.7266
1.5469 13.916 -38.6776
1.66857 13.9014 -38.6299
1.79003 13.8858 -38.5835
1.9113 13.8693 -38.5383
2.03237 13.8519 -38.4944
2.15324 13.8335 -38.4517
2.2739 13.8141 -38.4105
2.39435 13.7938 -38.3704
2.51459 13.7724 -38.3315
2.63461 13.7501 -38.2941
2.75441 13.7269 -38.2579
2.87398 13.7026 -38.223
2.99332 13.6773 -38.1894
3.11242 13.651 -38.1572
3.23128 13.6238 -38.1261
3.34989 13.5955 -38.0964
3.46825 13.5662 -38.0681
3.58635 13.5359 -38.0412
3.70417 13.5046 -38.0154
3.82172 13.4722 -37.991
3.93899 13.4389 -37.9679
4.05597 13.4045 -37.9461
4.17265 13.3691 -37.9256
4.28902 13.3326 -37.9064
4.40508 13.2951 -37.8885
4.52082 13.2566 -37.8719
4.63623 13.2171 -37.8565
4.75129 13.1766 -37.8425
4.86601 13.135 -37.8297
4.98037 13.0924 -37.8182
5.09437 13.0487 -37.8079
5.20799 13.004 -37.799
5.32122 12.9583 -37.7913
5.43406 12.9116 -37.7847
5.5465 12.8639 -37.7795
5.65852 12.8151 -37.7755
5.77012 12.7654 -37.7726
5.88129 12.7146 -37.7711
5.99202 12.6628 -37.7707
6.1023 12.61 -37.7715
6.21211 12.5562 -37.7733
6.32146 12.5014 -37.7764
6.43033 12.4456 -37.7807
6.53871 12.3888 -37.7861
6.64659 12.3311 -37.7926
6.75396 12.2724 -37.8003
6.86082 12.2127 -37.809
6.96715 12.1521 -37.8187
7.07295 12.0905 -37.8296
7.1782 12.0279 -37.8415
7.28291 11.9644 -37.8545
7.38705 11.9 -37.8684
7.49062 11.8347 -37.8834
7.59361 11.7684 -37.8993
7.69602 11.7013 -37.9163
7.79783 11.6332 -37.9341
7.89905 11.5643 -37.9529
7.99965 11.4944 -37.9726
8.09963 11.4237 -37.9932
8.19899 11.3521 -38.0146
8.29772 11.2797 -38.0369
8.39581 11.2064 -38.06
8.49325 11.1323 -38.084
8.59005 11.0574 -38.1087
8.68618 10.9816 -38.1342
8.78164 10.905 -38.1604
8.87644 10.8277 -38.1872
8.97055 10.7495 -38.2148
1.58619
170.014
6
leng1 = 118.53
leng2 = 97.743
