720
-36.667 87.6544 61.6667
-36.668 87.8584 61.6649
-36.67 88.0614 61.6596
-36.675 88.2654 61.6507
-36.681 88.4684 61.6382
-36.689 88.6724 61.6223
-36.699 88.8754 61.6028
-36.71 89.0784 61.5797
-36.724 89.2824 61.5531
-36.739 89.4854 61.523
-36.755 89.6884 61.4894
-36.774 89.8904 61.4523
-36.794 90.0934 61.4117
-36.817 90.2954 61.3677
-36.841 90.4984 61.3201
-36.866 90.7004 61.2691
-36.894 90.9014 61.2147
-36.923 91.1034 61.1569
-36.954 91.3044 61.0957
-36.987 91.5054 61.0311
-37.021 91.7064 60.9631
-37.057 91.9064 60.8918
-37.095 92.1064 60.8171
-37.135 92.3064 60.7392
-37.177 92.5054 60.658
-37.22 92.7044 60.5736
-37.265 92.9034 60.4859
-37.311 93.1014 60.3951
-37.36 93.2994 60.3011
-37.41 93.4964 60.2039
-37.462 93.6934 60.1036
-37.515 93.8904 60.0003
-37.571 94.0854 59.8939
-37.628 94.2814 59.7845
-37.686 94.4764 59.6721
-37.747 94.6714 59.5568
-37.809 94.8644 59.4385
-37.872 95.0584 59.3174
-37.938 95.2514 59.1935
-38.005 95.4434 59.0667
-38.074 95.6354 58.9372
-38.144 95.8264 58.8049
-38.216 96.0164 58.67
-38.29 96.2064 58.5325
-38.366 96.3954 58.3923
-38.443 96.5834 58.2496
-38.522 96.7714 58.1043
-38.602 96.9584 57.9566
-38.684 97.1444 57.8065
-38.768 97.3304 57.654
-38.853 97.5154 57.4992
-38.94 97.6994 57.3421
-39.028 97.8834 57.1827
-39.118 98.0654 57.0212
-39.21 98.2474 56.8575
-39.303 98.4284 56.6917
-39.398 98.6084 56.5239
-39.494 98.7884 56.3541
-39.592 98.9664 56.1824
-39.692 99.1444 56.0088
-39.793 99.3214 55.8333
-39.895 99.4974 55.6561
-39.999 99.6724 55.4772
-40.105 99.8464 55.2966
-40.212 100.019 55.1143
-40.321 100.191 54.9305
-40.431 100.362 54.7453
-40.543 100.533 54.5585
-40.656 100.702 54.3704
-40.77 100.87 54.181
-40.886 101.037 53.9902
-41.004 101.204 53.7983
-41.123 101.369 53.6052
-41.243 101.533 53.411
-41.365 101.696 53.2158
-41.488 101.858 53.0196
-41.613 102.019 52.8224
-41.739 102.179 52.6244
-41.867 102.338 52.4256
-41.995 102.496 52.2261
-42.126 102.652 52.0259
-42.257 102.808 51.8251
-42.39 102.962 51.6237
-42.524 103.115 51.4218
-42.66 103.267 51.2195
-42.797 103.418 51.0168
-42.935 103.567 50.8138
-43.075 103.716 50.6106
-43.215 103.863 50.4072
-43.357 104.009 50.2036
-43.501 104.153 50
-43.645 104.296 49.7964
-43.791 104.439 49.5928
-43.938 104.579 49.3894
-44.087 104.719 49.1862
-44.236 104.857 48.9832
-44.387 104.994 48.7805
-44.539 105.13 48.5782
-44.692 105.264 48.3763
-44.846 105.397 48.1749
-45.002 105.528 47.9741
-45.158 105.659 47.7739
-45.316 105.787 47.5744
-45.475 105.915 47.3756
-45.635 106.041 47.1776
-45.796 106.166 46.9804
-45.958 106.289 46.7842
-46.121 106.411 46.589
-46.285 106.531 46.3948
-46.45 106.65 46.2017
-46.617 106.768 46.0098
-46.784 106.884 45.819
-46.952 106.998 45.6296
-47.121 107.111 45.4415
-47.292 107.223 45.2547
-47.463 107.333 45.0695
-47.635 107.442 44.8857
-47.808 107.549 44.7034
-47.982 107.655 44.5228
-48.157 107.759 44.3439
-48.333 107.861 44.1667
-48.51 107.962 43.9912
-48.688 108.062 43.8176
-48.866 108.16 43.6459
-49.046 108.256 43.4761
-49.226 108.351 43.3083
-49.407 108.444 43.1425
-49.589 108.536 42.9788
-49.771 108.626 42.8173
-49.955 108.714 42.6579
-50.139 108.801 42.5008
-50.324 108.886 42.346
-50.509 108.97 42.1935
-50.696 109.052 42.0434
-50.883 109.132 41.8957
-51.071 109.211 41.7504
-51.259 109.288 41.6077
-51.448 109.364 41.4675
-51.638 109.438 41.33
-51.828 109.51 41.1951
-52.02 109.58 41.0628
-52.211 109.649 40.9333
-52.403 109.716 40.8065
-52.596 109.782 40.6826
-52.79 109.845 40.5615
-52.984 109.907 40.4432
-53.178 109.968 40.3279
-53.373 110.027 40.2155
-53.568 110.083 40.1061
-53.764 110.139 39.9997
-53.961 110.192 39.8964
-54.158 110.244 39.7961
-54.355 110.294 39.6989
-54.553 110.343 39.6049
-54.751 110.389 39.5141
-54.95 110.434 39.4264
-55.149 110.477 39.342
-55.348 110.519 39.2608
-55.548 110.559 39.1829
-55.748 110.597 39.1082
-55.948 110.633 39.0369
-56.149 110.667 38.9689
-56.35 110.7 38.9043
-56.551 110.731 38.8431
-56.753 110.76 38.7853
-56.954 110.788 38.7309
-57.156 110.813 38.6799
-57.359 110.837 38.6323
-57.561 110.86 38.5883
-57.764 110.88 38.5477
-57.966 110.899 38.5106
-58.169 110.915 38.477
-58.372 110.93 38.4469
-58.576 110.944 38.4203
-58.779 110.955 38.3972
-58.982 110.965 38.3777
-59.186 110.973 38.3618
-59.389 110.979 38.3493
-59.593 110.984 38.3404
-59.796 110.986 38.3351
-60 110.987 38.3333
-60.204 110.986 38.3351
-60.407 110.984 38.3404
-60.611 110.979 38.3493
-60.814 110.973 38.3618
-61.018 110.965 38.3777
-61.221 110.955 38.3972
-61.424 110.944 38.4203
-61.628 110.93 38.4469
-61.831 110.915 38.477
-62.034 110.899 38.5106
-62.236 110.88 38.5477
-62.439 110.86 38.5883
-62.844 110.813 38.6799
-63.65 110.7 38.9043
-64.851 110.477 39.342
-66.039 110.192 39.8964
-67.21 109.845 40.5615
-68.362 109.438 41.33
-69.676 108.886 42.346
-70.954 108.256 43.4761
-72.192 107.549 44.7034
-73.383 106.768 46.0098
-74.525 105.915 47.3756
-75.613 104.994 48.7805
-76.643 104.009 50.2036
-77.61 102.962 51.6237
-78.512 101.858 53.0196
-79.344 100.702 54.3704
-80.105 99.4974 55.6561
-80.79 98.2474 56.8575
-81.398 96.9584 57.9566
-81.926 95.6354 58.9372
-82.372 94.2814 59.7845
-82.735 92.9034 60.4859
-83.013 91.5054 61.0311
-83.206 90.0934 61.4117
-83.311 88.6724 61.6223
-83.33 87.2472 61.6596
-83.261 85.8237 61.523
-83.106 84.407 61.2147
-82.865 83.0025 60.7392
-82.538 81.6153 60.1036
-82.128 80.2506 59.3174
-81.634 78.9136 58.3923
-81.06 77.6091 57.3421
-80.408 76.3422 56.1824
-79.679 75.1174 54.9305
-78.877 73.9394 53.6052
-78.005 72.8126 52.2261
-77.065 71.7411 50.8138
-76.062 70.729 49.3894
-74.998 69.78 47.9741
-73.879 68.8977 46.589
-72.708 68.0854 45.2547
-71.49 67.3461 43.9912
-70.229 66.6825 42.8173
-68.929 66.0972 41.7504
-67.597 65.5923 40.8065
-66.236 65.1697 39.9997
-64.851 64.831 39.342
-63.449 64.5774 38.8431
-62.034 64.4099 38.5106
-60.611 64.3291 38.3493
-59.186 64.3353 38.3618
-57.764 64.4285 38.5477
-56.35 64.6083 38.9043
-55.149 64.831 39.342
-53.961 65.1161 39.8964
-52.79 65.4631 40.5615
-51.638 65.8709 41.33
-50.509 66.3383 42.1935
-49.407 66.8642 43.1425
-48.333 67.4471 44.1667
-47.292 68.0854 45.2547
-46.45 68.6584 46.2017
-45.635 69.2675 47.1776
-44.846 69.9116 48.1749
-44.087 70.5895 49.1862
-43.357 71.2999 50.2036
-42.66 72.0414 51.2195
-41.995 72.8126 52.2261
-41.365 73.612 53.2158
-40.77 74.4383 54.181
-40.212 75.2896 55.1143
-39.692 76.1645 56.0088
-39.21 77.0613 56.8575
-38.768 77.9782 57.654
-38.366 78.9136 58.3923
-38.005 79.8656 59.0667
-37.686 80.8324 59.6721
-37.41 81.8122 60.2039
-37.177 82.8031 60.658
-36.987 83.8033 61.0311
-36.841 84.8108 61.3201
-36.739 85.8237 61.523
-36.681 86.8401 61.6382
-36.668 87.8584 61.6649
