3
3
5
0
1
1
-2.22045e-16 -1 1.22465e-16 0 
-1 2.22045e-16 0 40 
-2.46519e-32 -1.22465e-16 -1 30 
0 0 0 1 
-0.931184 0.0670588 0.35833 14.1688 
-0.196236 -0.92058 -0.337675 100.503 
0.307227 -0.384754 0.870388 22.1358 
0 0 0 1 
-0.847893 -0.401546 0.346178 38.3029 
-0.0326495 -0.612171 -0.790051 98.0856 
0.529161 -0.681181 0.505945 -22.8328 
0 0 0 1 
0.385402 0.335447 0.859616 -4.09458 
0.918266 -0.231138 -0.321501 64.5763 
0.0908435 0.913264 -0.397111 -21.3245 
0 0 0 1 
0.115526 0.993304 1.21645e-16 -13.385 
0.993304 -0.115526 -1.41478e-17 40 
-2.46519e-32 1.22465e-16 -1 -59.1166 
0 0 0 1 
14.1688
100.503
22.1358
38.3029
98.0856
-22.8328
-4.09458
64.5763
-21.3245
0.370083
-5.91671
3.21348
-2.14039
2.7881
-0.44229
-0.680567
-4.17611
-3.8578
-0.115784
1.61498
-29.1166
720
-37.82 100 65.5262
-37.824 100.194 65.5239
-37.837 100.387 65.5168
-37.858 100.58 65.505
-37.887 100.772 65.4884
-37.925 100.964 65.4672
-37.971 101.154 65.4412
-38.026 101.344 65.4105
-38.089 101.532 65.3751
-38.16 101.719 65.3351
-38.24 101.904 65.2904
-38.327 102.087 65.241
-38.423 102.268 65.187
-38.527 102.447 65.1283
-38.639 102.623 65.065
-38.759 102.797 64.9972
-38.886 102.967 64.9248
-39.022 103.135 64.8478
-39.165 103.3 64.7663
-39.316 103.461 64.6804
-39.474 103.619 64.5899
-39.64 103.774 64.495
-39.813 103.924 64.3957
-39.993 104.071 64.292
-40.18 104.213 64.1839
-40.374 104.351 64.0716
-40.575 104.484 63.9549
-40.783 104.614 63.834
-40.998 104.738 63.7089
-41.219 104.857 63.5796
-41.446 104.972 63.4461
-41.679 105.081 63.3086
-41.919 105.185 63.167
-42.164 105.283 63.0214
-42.415 105.376 62.8718
-42.672 105.464 62.7184
-42.934 105.545 62.561
-43.201 105.621 62.3998
-43.474 105.69 62.2348
-43.751 105.754 62.0662
-44.034 105.811 61.8938
-44.32 105.862 61.7178
-44.612 105.907 61.5382
-44.907 105.945 61.3552
-45.207 105.977 61.1686
-45.51 106.002 60.9787
-45.817 106.02 60.7854
-46.128 106.032 60.5889
-46.442 106.037 60.3891
-46.759 106.035 60.1861
-47.079 106.025 59.9801
-47.401 106.009 59.771
-47.726 105.986 59.5589
-48.054 105.956 59.3439
-48.384 105.919 59.1261
-48.715 105.874 58.9055
-49.049 105.823 58.6822
-49.384 105.764 58.4562
-49.72 105.698 58.2277
-50.057 105.625 57.9966
-50.396 105.545 57.7631
-50.735 105.458 57.5273
-51.074 105.363 57.2891
-51.414 105.261 57.0488
-51.754 105.153 56.8063
-52.094 105.037 56.5617
-52.434 104.913 56.3151
-52.773 104.783 56.0666
-53.112 104.646 55.8162
-53.449 104.502 55.5641
-53.786 104.351 55.3103
-54.121 104.193 55.0549
-54.455 104.029 54.7979
-54.787 103.857 54.5394
-55.117 103.679 54.2796
-55.446 103.495 54.0185
-55.772 103.304 53.7561
-56.095 103.106 53.4926
-56.416 102.902 53.2281
-56.734 102.692 52.9625
-57.05 102.476 52.6961
-57.362 102.253 52.4288
-57.67 102.025 52.1608
-57.975 101.791 51.8922
-58.277 101.551 51.6229
-58.575 101.306 51.3532
-58.868 101.055 51.0831
-59.158 100.799 50.8126
-59.443 100.538 50.5419
-59.724 100.271 50.271
-60 100 50
-60.271 99.7239 49.729
-60.538 99.4432 49.4581
-60.799 99.158 49.1874
-61.055 98.8684 48.9169
-61.306 98.5747 48.6468
-61.551 98.277 48.3771
-61.791 97.9755 48.1078
-62.025 97.6703 47.8392
-62.253 97.3616 47.5712
-62.476 97.0495 47.3039
-62.692 96.7343 47.0375
-62.902 96.4161 46.7719
-63.106 96.0952 46.5074
-63.304 95.7716 46.2439
-63.495 95.4456 45.9815
-63.679 95.1174 45.7204
-63.857 94.7871 45.4606
-64.029 94.4549 45.2021
-64.193 94.1211 44.9451
-64.351 93.7858 44.6897
-64.502 93.4492 44.4359
-64.646 93.1116 44.1838
-64.783 92.7731 43.9334
-64.913 92.4339 43.6849
-65.037 92.0942 43.4383
-65.153 91.7542 43.1937
-65.261 91.4142 42.9512
-65.363 91.0743 42.7109
-65.458 90.7347 42.4727
-65.545 90.3956 42.2369
-65.625 90.0573 42.0034
-65.698 89.7199 41.7723
-65.764 89.3836 41.5438
-65.823 89.0487 41.3178
-65.874 88.7153 41.0945
-65.919 88.3837 40.8739
-65.956 88.054 40.6561
-65.986 87.7264 40.4411
-66.009 87.4012 40.229
-66.025 87.0785 40.0199
-66.034 86.7586 39.8139
-66.037 86.4416 39.6109
-66.032 86.1277 39.4111
-66.02 85.8171 39.2146
-66.002 85.51 39.0213
-65.977 85.2066 38.8314
-65.945 84.9071 38.6448
-65.907 84.6116 38.4618
-65.862 84.3204 38.2822
-65.811 84.0336 38.1062
-65.754 83.7513 37.9338
-65.69 83.4739 37.7652
-65.621 83.2014 37.6002
-65.545 82.934 37.439
-65.464 82.6718 37.2816
-65.376 82.4151 37.1282
-65.283 82.164 36.9786
-65.185 81.9187 36.833
-65.081 81.6792 36.6914
-64.972 81.4458 36.5539
-64.857 81.2185 36.4204
-64.738 80.9976 36.2911
-64.614 80.7832 36.166
-64.485 80.5754 36.0451
-64.351 80.3743 35.9284
-64.213 80.18 35.8161
-64.071 79.9928 35.708
-63.924 79.8126 35.6043
-63.774 79.6396 35.505
-63.619 79.4739 35.4101
-63.461 79.3157 35.3196
-63.3 79.1649 35.2337
-63.135 79.0218 35.1522
-62.967 78.8864 35.0752
-62.796 78.7587 35.0028
-62.623 78.6389 34.935
-62.447 78.5271 34.8717
-62.268 78.4232 34.813
-62.087 78.3274 34.759
-61.904 78.2397 34.7096
-61.719 78.1603 34.6649
-61.532 78.089 34.6249
-61.344 78.026 34.5895
-61.154 77.9714 34.5588
-60.964 77.9251 34.5328
-60.772 77.8872 34.5116
-60.58 77.8576 34.495
-60.387 77.8365 34.4832
-60.194 77.8239 34.4761
-60 77.8197 34.4738
-59.806 77.8239 34.4761
-59.613 77.8365 34.4832
-59.42 77.8576 34.495
-59.228 77.8872 34.5116
-59.036 77.9251 34.5328
-58.846 77.9714 34.5588
-58.656 78.026 34.5895
-58.468 78.089 34.6249
-58.281 78.1603 34.6649
-58.096 78.2397 34.7096
-57.913 78.3274 34.759
-57.732 78.4232 34.813
-57.553 78.5271 34.8717
-57.377 78.6389 34.935
-57.204 78.7587 35.0028
-57.033 78.8864 35.0752
-56.865 79.0218 35.1522
-56.7 79.1649 35.2337
-56.539 79.3157 35.3196
-56.381 79.4739 35.4101
-56.226 79.6396 35.505
-56.076 79.8126 35.6043
-55.929 79.9928 35.708
-55.787 80.18 35.8161
-55.649 80.3743 35.9284
-55.515 80.5754 36.0451
-55.386 80.7832 36.166
-55.262 80.9976 36.2911
-55.143 81.2185 36.4204
-55.028 81.4458 36.5539
-54.919 81.6792 36.6914
-54.815 81.9187 36.833
-54.717 82.164 36.9786
-54.624 82.4151 37.1282
-54.536 82.6718 37.2816
-54.455 82.934 37.439
-54.379 83.2014 37.6002
-54.31 83.4739 37.7652
-54.246 83.7513 37.9338
-54.189 84.0336 38.1062
-54.138 84.3204 38.2822
-54.093 84.6116 38.4618
-54.055 84.9071 38.6448
-54.023 85.2066 38.8314
-53.998 85.51 39.0213
-53.98 85.8171 39.2146
-53.968 86.1277 39.4111
-53.963 86.4416 39.6109
-53.966 86.7586 39.8139
-53.975 87.0785 40.0199
-53.991 87.4012 40.229
-54.014 87.7264 40.4411
-54.044 88.054 40.6561
-54.081 88.3837 40.8739
-54.126 88.7153 41.0945
-54.177 89.0487 41.3178
-54.236 89.3836 41.5438
-54.302 89.7199 41.7723
-54.375 90.0573 42.0034
-54.455 90.3956 42.2369
-54.542 90.7347 42.4727
-54.637 91.0743 42.7109
-54.739 91.4142 42.9512
-54.847 91.7542 43.1937
-54.963 92.0942 43.4383
-55.087 92.4339 43.6849
-55.217 92.7731 43.9334
-55.354 93.1116 44.1838
-55.498 93.4492 44.4359
-55.649 93.7858 44.6897
-55.807 94.1211 44.9451
-55.971 94.4549 45.2021
-56.143 94.7871 45.4606
-56.321 95.1174 45.7204
-56.505 95.4456 45.9815
-56.696 95.7716 46.2439
-56.894 96.0952 46.5074
-57.098 96.4161 46.7719
-57.308 96.7343 47.0375
-57.524 97.0495 47.3039
-57.747 97.3616 47.5712
-57.975 97.6703 47.8392
-58.209 97.9755 48.1078
-58.449 98.277 48.3771
-58.694 98.5747 48.6468
-58.945 98.8684 48.9169
-59.201 99.158 49.1874
-59.462 99.4432 49.4581
-59.729 99.7239 49.729
-60 100 50
-60.276 100.271 50.271
-60.557 100.538 50.5419
-60.842 100.799 50.8126
-61.132 101.055 51.0831
-61.425 101.306 51.3532
-61.723 101.551 51.6229
-62.025 101.791 51.8922
-62.33 102.025 52.1608
-62.638 102.253 52.4288
-62.95 102.476 52.6961
-63.266 102.692 52.9625
-63.584 102.902 53.2281
-63.905 103.106 53.4926
-64.228 103.304 53.7561
-64.554 103.495 54.0185
-64.883 103.679 54.2796
-65.213 103.857 54.5394
-65.545 104.029 54.7979
-65.879 104.193 55.0549
-66.214 104.351 55.3103
-66.551 104.502 55.5641
-66.888 104.646 55.8162
-67.227 104.783 56.0666
-67.566 104.913 56.3151
-67.906 105.037 56.5617
-68.246 105.153 56.8063
-68.586 105.261 57.0488
-68.926 105.363 57.2891
-69.265 105.458 57.5273
-69.604 105.545 57.7631
-69.943 105.625 57.9966
-70.28 105.698 58.2277
-70.616 105.764 58.4562
-70.951 105.823 58.6822
-71.285 105.874 58.9055
-71.616 105.919 59.1261
-71.946 105.956 59.3439
-72.274 105.986 59.5589
-72.599 106.009 59.771
-72.921 106.025 59.9801
-73.241 106.035 60.1861
-73.558 106.037 60.3891
-73.872 106.032 60.5889
-74.183 106.02 60.7854
-74.49 106.002 60.9787
-74.793 105.977 61.1686
-75.093 105.945 61.3552
-75.388 105.907 61.5382
-75.68 105.862 61.7178
-75.966 105.811 61.8938
-76.249 105.754 62.0662
-76.526 105.69 62.2348
-76.799 105.621 62.3998
-77.066 105.545 62.561
-77.328 105.464 62.7184
-77.585 105.376 62.8718
-77.836 105.283 63.0214
-78.081 105.185 63.167
-78.321 105.081 63.3086
-78.554 104.972 63.4461
-78.781 104.857 63.5796
-79.002 104.738 63.7089
-79.217 104.614 63.834
-79.425 104.484 63.9549
-79.626 104.351 64.0716
-79.82 104.213 64.1839
-80.007 104.071 64.292
-80.187 103.924 64.3957
-80.36 103.774 64.495
-80.526 103.619 64.5899
-80.684 103.461 64.6804
-80.835 103.3 64.7663
-80.978 103.135 64.8478
-81.114 102.967 64.9248
-81.241 102.797 64.9972
-81.361 102.623 65.065
-81.473 102.447 65.1283
-81.577 102.268 65.187
-81.673 102.087 65.241
-81.76 101.904 65.2904
-81.84 101.719 65.3351
-81.911 101.532 65.3751
-81.974 101.344 65.4105
-82.029 101.154 65.4412
-82.075 100.964 65.4672
-82.113 100.772 65.4884
-82.142 100.58 65.505
-82.163 100.387 65.5168
-82.176 100.194 65.5239
-82.18 100 65.5262
-82.176 99.8065 65.5239
-82.163 99.6131 65.5168
-82.142 99.4202 65.505
-82.113 99.2278 65.4884
-82.075 99.0362 65.4672
-82.029 98.8455 65.4412
-81.974 98.656 65.4105
-81.911 98.4678 65.3751
-81.84 98.2812 65.3351
-81.76 98.0962 65.2904
-81.673 97.9132 65.241
-81.577 97.7322 65.187
-81.473 97.5535 65.1283
-81.361 97.3772 65.065
-81.241 97.2035 64.9972
-81.114 97.0327 64.9248
-80.978 96.8648 64.8478
-80.835 96.7001 64.7663
-80.684 96.5386 64.6804
-80.526 96.3807 64.5899
-80.36 96.2264 64.495
-80.187 96.076 64.3957
-80.007 95.9295 64.292
-79.82 95.7871 64.1839
-79.626 95.6491 64.0716
-79.425 95.5155 63.9549
-79.217 95.3865 63.834
-79.002 95.2622 63.7089
-78.781 95.1428 63.5796
-78.554 95.0284 63.4461
-78.321 94.9192 63.3086
-78.081 94.8153 63.167
-77.836 94.7167 63.0214
-77.585 94.6238 62.8718
-77.328 94.5365 62.7184
-77.066 94.4549 62.561
-76.799 94.3793 62.3998
-76.526 94.3096 62.2348
-76.249 94.246 62.0662
-75.966 94.1887 61.8938
-75.68 94.1376 61.7178
-75.388 94.0929 61.5382
-75.093 94.0547 61.3552
-74.793 94.0231 61.1686
-74.49 93.998 60.9787
-74.183 93.9797 60.7854
-73.872 93.9681 60.5889
-73.558 93.9634 60.3891
-73.241 93.9655 60.1861
-72.921 93.9746 59.9801
-72.599 93.9907 59.771
-72.274 94.0138 59.5589
-71.946 94.0439 59.3439
-71.616 94.0812 59.1261
-71.285 94.1256 58.9055
-70.951 94.1771 58.6822
-70.616 94.2358 58.4562
-70.28 94.3016 58.2277
-69.943 94.3747 57.9966
-69.604 94.4549 57.7631
-69.265 94.5423 57.5273
-68.926 94.6369 57.2891
-68.586 94.7386 57.0488
-68.246 94.8475 56.8063
-67.906 94.9634 56.5617
-67.566 95.0865 56.3151
-67.227 95.2166 56.0666
-66.888 95.3537 55.8162
-66.551 95.4978 55.5641
-66.214 95.6488 55.3103
-65.879 95.8066 55.0549
-65.545 95.9713 54.7979
-65.213 96.1426 54.5394
-64.883 96.3207 54.2796
-64.554 96.5053 54.0185
-64.228 96.6964 53.7561
-63.905 96.894 53.4926
-63.584 97.0979 53.2281
-63.266 97.308 52.9625
-62.95 97.5243 52.6961
-62.638 97.7466 52.4288
-62.33 97.9748 52.1608
-62.025 98.2089 51.8922
-61.723 98.4486 51.6229
-61.425 98.694 51.3532
-61.132 98.9448 51.0831
-60.842 99.2009 50.8126
-60.557 99.4623 50.5419
-60.276 99.7287 50.271
-60 100 50
-59.729 100.276 49.729
-59.462 100.557 49.4581
-59.201 100.842 49.1874
-58.945 101.132 48.9169
-58.694 101.425 48.6468
-58.449 101.723 48.3771
-58.209 102.025 48.1078
-57.975 102.33 47.8392
-57.747 102.638 47.5712
-57.524 102.951 47.3039
-57.308 103.266 47.0375
-57.098 103.584 46.7719
-56.894 103.905 46.5074
-56.696 104.228 46.2439
-56.505 104.554 45.9815
-56.321 104.883 45.7204
-56.143 105.213 45.4606
-55.971 105.545 45.2021
-55.807 105.879 44.9451
-55.649 106.214 44.6897
-55.498 106.551 44.4359
-55.354 106.888 44.1838
-55.217 107.227 43.9334
-55.087 107.566 43.6849
-54.963 107.906 43.4383
-54.847 108.246 43.1937
-54.739 108.586 42.9512
-54.637 108.926 42.7109
-54.542 109.265 42.4727
-54.455 109.604 42.2369
-54.375 109.943 42.0034
-54.302 110.28 41.7723
-54.236 110.616 41.5438
-54.177 110.951 41.3178
-54.126 111.285 41.0945
-54.081 111.616 40.8739
-54.044 111.946 40.6561
-54.014 112.274 40.4411
-53.991 112.599 40.229
-53.975 112.922 40.0199
-53.966 113.241 39.8139
-53.963 113.558 39.6109
-53.968 113.872 39.4111
-53.98 114.183 39.2146
-53.998 114.49 39.0213
-54.023 114.793 38.8314
-54.055 115.093 38.6448
-54.093 115.388 38.4618
-54.138 115.68 38.2822
-54.189 115.966 38.1062
-54.246 116.249 37.9338
-54.31 116.526 37.7652
-54.379 116.799 37.6002
-54.455 117.066 37.439
-54.536 117.328 37.2816
-54.624 117.585 37.1282
-54.717 117.836 36.9786
-54.815 118.081 36.833
-54.919 118.321 36.6914
-55.028 118.554 36.5539
-55.143 118.781 36.4204
-55.262 119.002 36.2911
-55.386 119.217 36.166
-55.515 119.425 36.0451
-55.649 119.626 35.9284
-55.787 119.82 35.8161
-55.929 120.007 35.708
-56.076 120.187 35.6043
-56.226 120.36 35.505
-56.381 120.526 35.4101
-56.539 120.684 35.3196
-56.7 120.835 35.2337
-56.865 120.978 35.1522
-57.033 121.114 35.0752
-57.204 121.241 35.0028
-57.377 121.361 34.935
-57.553 121.473 34.8717
-57.732 121.577 34.813
-57.913 121.673 34.759
-58.096 121.76 34.7096
-58.281 121.84 34.6649
-58.468 121.911 34.6249
-58.656 121.974 34.5895
-58.846 122.029 34.5588
-59.036 122.075 34.5328
-59.228 122.113 34.5116
-59.42 122.142 34.495
-59.613 122.163 34.4832
-59.806 122.176 34.4761
-60 122.18 34.4738
-60.194 122.176 34.4761
-60.387 122.163 34.4832
-60.58 122.142 34.495
-60.772 122.113 34.5116
-60.964 122.075 34.5328
-61.154 122.029 34.5588
-61.344 121.974 34.5895
-61.532 121.911 34.6249
-61.719 121.84 34.6649
-61.904 121.76 34.7096
-62.087 121.673 34.759
-62.268 121.577 34.813
-62.447 121.473 34.8717
-62.623 121.361 34.935
-62.796 121.241 35.0028
-62.967 121.114 35.0752
-63.135 120.978 35.1522
-63.3 120.835 35.2337
-63.461 120.684 35.3196
-63.619 120.526 35.4101
-63.774 120.36 35.505
-63.924 120.187 35.6043
-64.071 120.007 35.708
-64.213 119.82 35.8161
-64.351 119.626 35.9284
-64.485 119.425 36.0451
-64.614 119.217 36.166
-64.738 119.002 36.2911
-64.857 118.781 36.4204
-64.972 118.554 36.5539
-65.081 118.321 36.6914
-65.185 118.081 36.833
-65.283 117.836 36.9786
-65.376 117.585 37.1282
-65.464 117.328 37.2816
-65.545 117.066 37.439
-65.621 116.799 37.6002
-65.69 116.526 37.7652
-65.754 116.249 37.9338
-65.811 115.966 38.1062
-65.862 115.68 38.2822
-65.907 115.388 38.4618
-65.945 115.093 38.6448
-65.977 114.793 38.8314
-66.002 114.49 39.0213
-66.02 114.183 39.2146
-66.032 113.872 39.4111
-66.037 113.558 39.6109
-66.034 113.241 39.8139
-66.025 112.922 40.0199
-66.009 112.599 40.229
-65.986 112.274 40.4411
-65.956 111.946 40.6561
-65.919 111.616 40.8739
-65.874 111.285 41.0945
-65.823 110.951 41.3178
-65.764 110.616 41.5438
-65.698 110.28 41.7723
-65.625 109.943 42.0034
-65.545 109.604 42.2369
-65.458 109.265 42.4727
-65.363 108.926 42.7109
-65.261 108.586 42.9512
-65.153 108.246 43.1937
-65.037 107.906 43.4383
-64.913 107.566 43.6849
-64.783 107.227 43.9334
-64.646 106.888 44.1838
-64.502 106.551 44.4359
-64.351 106.214 44.6897
-64.193 105.879 44.9451
-64.029 105.545 45.2021
-63.857 105.213 45.4606
-63.679 104.883 45.7204
-63.495 104.554 45.9815
-63.304 104.228 46.2439
-63.106 103.905 46.5074
-62.902 103.584 46.7719
-62.692 103.266 47.0375
-62.476 102.951 47.3039
-62.253 102.638 47.5712
-62.025 102.33 47.8392
-61.791 102.025 48.1078
-61.551 101.723 48.3771
-61.306 101.425 48.6468
-61.055 101.132 48.9169
-60.799 100.842 49.1874
-60.538 100.557 49.4581
-60.271 100.276 49.729
-60 100 50
-59.724 99.7287 50.271
-59.443 99.4623 50.5419
-59.158 99.2009 50.8126
-58.868 98.9448 51.0831
-58.575 98.694 51.3532
-58.277 98.4486 51.6229
-57.975 98.2089 51.8922
-57.67 97.9748 52.1608
-57.362 97.7466 52.4288
-57.05 97.5243 52.6961
-56.734 97.308 52.9625
-56.416 97.0979 53.2281
-56.095 96.894 53.4926
-55.772 96.6964 53.7561
-55.446 96.5053 54.0185
-55.117 96.3207 54.2796
-54.787 96.1426 54.5394
-54.455 95.9713 54.7979
-54.121 95.8066 55.0549
-53.786 95.6488 55.3103
-53.449 95.4978 55.5641
-53.112 95.3537 55.8162
-52.773 95.2166 56.0666
-52.434 95.0865 56.3151
-52.094 94.9634 56.5617
-51.754 94.8475 56.8063
-51.414 94.7386 57.0488
-51.074 94.6369 57.2891
-50.735 94.5423 57.5273
-50.396 94.4549 57.7631
-50.057 94.3747 57.9966
-49.72 94.3016 58.2277
-49.384 94.2358 58.4562
-49.049 94.1771 58.6822
-48.715 94.1256 58.9055
-48.384 94.0812 59.1261
-48.054 94.0439 59.3439
-47.726 94.0138 59.5589
-47.401 93.9907 59.771
-47.079 93.9746 59.9801
-46.759 93.9655 60.1861
-46.442 93.9634 60.3891
-46.128 93.9681 60.5889
-45.817 93.9797 60.7854
-45.51 93.998 60.9787
-45.207 94.0231 61.1686
-44.907 94.0547 61.3552
-44.612 94.0929 61.5382
-44.32 94.1376 61.7178
-44.034 94.1887 61.8938
-43.751 94.246 62.0662
-43.474 94.3096 62.2348
-43.201 94.3793 62.3998
-42.934 94.4549 62.561
-42.672 94.5365 62.7184
-42.415 94.6238 62.8718
-42.164 94.7167 63.0214
-41.919 94.8153 63.167
-41.679 94.9192 63.3086
-41.446 95.0284 63.4461
-41.219 95.1428 63.5796
-40.998 95.2622 63.7089
-40.783 95.3865 63.834
-40.575 95.5155 63.9549
-40.374 95.6491 64.0716
-40.18 95.7871 64.1839
-39.993 95.9295 64.292
-39.813 96.076 64.3957
-39.64 96.2264 64.495
-39.474 96.3807 64.5899
-39.316 96.5386 64.6804
-39.165 96.7001 64.7663
-39.022 96.8648 64.8478
-38.886 97.0327 64.9248
-38.759 97.2035 64.9972
-38.639 97.3772 65.065
-38.527 97.5535 65.1283
-38.423 97.7322 65.187
-38.327 97.9132 65.241
-38.24 98.0962 65.2904
-38.16 98.2812 65.3351
-38.089 98.4678 65.3751
-38.026 98.656 65.4105
-37.971 98.8455 65.4412
-37.925 99.0362 65.4672
-37.887 99.2278 65.4884
-37.858 99.4202 65.505
-37.837 99.6131 65.5168
-37.824 99.8065 65.5239
8.42594
466.379
1140
2
ValFK = 17.4645
ValIK = 16.7144
ValUni = 17.9299
ValIKUni = 18.9977
min kesi = 0.205291
min Unikesi = 0.174717
len_avg = 60.7868
len_var = 15.6247
