-7.42746
26.8238
15.2187
3.65688
26.8041
-52.8009
-12.788
721
-7.42746 14.0359 15.2187
-7.31147 14.082 15.2382
-7.19519 14.1271 15.258
-7.07863 14.1709 15.278
-6.9618 14.2136 15.2981
-6.84471 14.2551 15.3185
-6.72738 14.2955 15.3391
-6.60983 14.3347 15.3599
-6.49204 14.3727 15.3808
-6.37415 14.4097 15.402
-6.25598 14.4454 15.4234
-6.1376 14.4801 15.445
-6.01919 14.5135 15.4668
-5.90051 14.5459 15.4887
-5.78176 14.5771 15.5109
-5.6629 14.6072 15.5333
-5.54392 14.6362 15.5558
-5.4248 14.664 15.5785
-5.3056 14.6908 15.6014
-5.18642 14.7164 15.6245
-5.06705 14.7409 15.6478
-4.94772 14.7643 15.6712
-4.82844 14.7867 15.6949
-4.70902 14.8079 15.7187
-4.58966 14.828 15.7428
-4.47028 14.8471 15.767
-4.35097 14.8651 15.7913
-4.2317 14.882 15.8159
-4.11251 14.898 15.8407
-3.99326 14.9128 15.8656
-3.87422 14.9266 15.8907
-3.75523 14.9393 15.916
-3.6363 14.951 15.9415
-3.51763 14.9618 15.9672
-3.3989 14.9715 15.993
-3.28048 14.9802 16.0191
-3.16213 14.9879 16.0453
-3.04398 14.9946 16.0717
-2.92593 15.0003 16.0983
-2.80819 15.0051 16.1251
-2.69057 15.009 16.152
-2.57318 15.0118 16.1791
-2.45613 15.0138 16.2065
-2.3392 15.0148 16.234
-2.22254 15.015 16.2617
-2.10613 15.0141 16.2895
-1.98998 15.0125 16.3176
-1.8742 15.0099 16.3459
-1.75858 15.0065 16.3742
-1.64335 15.0022 16.4029
-1.5284 14.9971 16.4317
-1.41384 14.9912 16.4607
-1.29958 14.9844 16.4899
-1.18559 14.9769 16.5192
-1.07192 14.9685 16.5488
-0.958646 14.9593 16.5785
-0.845759 14.9495 16.6084
-0.733196 14.9388 16.6385
-0.621044 14.9274 16.6688
-0.509292 14.9154 16.6992
-0.397858 14.9025 16.7299
-0.286841 14.889 16.7607
-0.176225 14.8749 16.7917
-0.0659404 14.86 16.8228
0.0438675 14.8445 16.8542
0.153333 14.8284 16.8857
0.262392 14.8116 16.9174
0.37096 14.7943 16.9493
0.479198 14.7763 16.9813
0.586959 14.7578 17.0135
0.694385 14.7387 17.0458
0.801346 14.7191 17.0784
0.907906 14.6989 17.111
1.01406 14.6782 17.1439
1.11976 14.657 17.1769
1.22506 14.6353 17.2101
1.33 14.6132 17.2433
1.43446 14.5905 17.2768
1.53858 14.5675 17.3104
1.64231 14.5439 17.3441
1.7456 14.5199 17.3779
1.84848 14.4956 17.4119
1.95101 14.4709 17.446
2.05311 14.4458 17.4803
2.15481 14.4203 17.5147
2.25618 14.3945 17.5492
2.35718 14.3683 17.5837
2.45786 14.3417 17.6184
2.55811 14.3149 17.6532
2.65805 14.2877 17.6881
2.75765 14.2602 17.7231
2.85691 14.2325 17.7582
2.95584 14.2045 17.7933
3.0545 14.1761 17.8285
3.1528 14.1476 17.8638
3.25086 14.1187 17.8992
3.34857 14.0896 17.9346
3.44606 14.0603 17.9701
3.54322 14.0307 18.0057
3.6402 14.0009 18.0412
3.73693 13.9709 18.0768
3.83337 13.9407 18.1124
3.92967 13.9102 18.148
4.02569 13.8796 18.1837
4.1215 13.8487 18.2194
4.21721 13.8176 18.255
4.31268 13.7864 18.2907
4.40799 13.7549 18.3264
4.50315 13.7233 18.3621
4.59818 13.6914 18.3977
4.6931 13.6593 18.4333
4.78783 13.6271 18.4689
4.88254 13.5947 18.5044
4.97711 13.5621 18.5399
5.07163 13.5292 18.5753
5.16606 13.4961 18.6106
5.26043 13.4629 18.6459
5.3548 13.4293 18.6811
5.44907 13.3956 18.7162
5.54336 13.3617 18.7512
5.63762 13.3276 18.7861
5.73188 13.2932 18.821
5.82613 13.2585 18.8557
5.92041 13.2236 18.8903
6.01472 13.1885 18.9248
6.10908 13.153 18.9591
6.20347 13.1173 18.9933
6.29792 13.0813 19.0274
6.39245 13.045 19.0613
6.487 13.0084 19.0951
6.58164 12.9714 19.1287
6.67638 12.9341 19.1621
6.7712 12.8965 19.1954
6.86615 12.8585 19.2285
6.96116 12.8201 19.2614
7.0563 12.7813 19.2941
7.15154 12.7422 19.3266
7.2469 12.7026 19.3589
7.3424 12.6625 19.391
7.43797 12.6219 19.4229
7.5337 12.581 19.4546
7.62956 12.5396 19.4861
7.72553 12.4976 19.5173
7.82165 12.4552 19.5483
7.91787 12.4122 19.5791
8.01424 12.3686 19.6096
8.11069 12.3245 19.6399
8.20733 12.2798 19.6698
8.30403 12.2345 19.6997
8.40088 12.1886 19.7292
8.49784 12.142 19.7584
8.5949 12.0947 19.7874
8.69209 12.0469 19.8161
8.78935 11.9982 19.8445
8.88671 11.949 19.8727
8.98415 11.899 19.9005
9.0817 11.8482 19.9281
9.1793 11.7966 19.9553
9.27698 11.7444 19.9823
9.37467 11.6912 20.009
9.47244 11.6373 20.0354
9.57027 11.5826 20.0614
9.66807 11.527 20.0872
9.76592 11.4706 20.1126
9.86376 11.4132 20.1377
9.96159 11.355 20.1625
10.0594 11.2959 20.1869
10.1571 11.2358 20.211
10.2549 11.1748 20.2348
10.3525 11.1129 20.2583
10.4501 11.05 20.2814
10.5476 10.9861 20.3042
10.6449 10.9211 20.3266
10.7422 10.8552 20.3486
10.8393 10.7884 20.3703
10.9362 10.7204 20.3916
11.033 10.6514 20.4126
11.1296 10.5814 20.4332
11.226 10.5103 20.4534
11.3222 10.4381 20.4733
11.4181 10.3648 20.4928
11.5138 10.2905 20.5118
11.6091 10.215 20.5305
11.7042 10.1384 20.5489
11.799 10.0608 20.5668
11.8935 9.98195 20.5843
11.9876 9.90201 20.6014
12.0813 9.82096 20.6181
12.1746 9.73873 20.6344
12.2676 9.65535 20.6503
12.3601 9.57083 20.6657
12.4522 9.48514 20.6808
12.5439 9.39837 20.6954
12.635 9.3104 20.7096
12.7256 9.2212 20.7233
12.8158 9.13091 20.7366
12.9054 9.03946 20.7495
12.9945 8.94677 20.7619
13.0829 8.85299 20.7739
13.1709 8.75801 20.7854
13.2581 8.66186 20.7965
13.3448 8.56458 20.8071
13.4309 8.46612 20.8172
13.5162 8.3665 20.8269
13.6009 8.26571 20.8361
13.6849 8.16373 20.8448
13.7682 8.06066 20.8531
13.8508 7.95648 20.8609
13.9327 7.85108 20.8681
14.0137 7.74457 20.875
14.094 7.63689 20.8812
14.1736 7.52813 20.887
14.2523 7.41823 20.8924
14.3302 7.30726 20.8972
14.4072 7.19508 20.9015
14.4834 7.08189 20.9053
14.5588 6.96755 20.9086
14.6332 6.85214 20.9114
14.7068 6.73566 20.9137
14.7794 6.61807 20.9154
14.8511 6.49944 20.9167
14.9219 6.37978 20.9175
14.9918 6.25905 20.9177
15.0607 6.13724 20.9174
15.1286 6.01444 20.9166
15.1955 5.89065 20.9153
15.2614 5.76583 20.9135
15.3263 5.63999 20.9111
15.3902 5.51314 20.9082
15.453 5.38536 20.9048
15.5148 5.25659 20.901
15.5755 5.12685 20.8965
15.6352 4.99621 20.8916
15.6938 4.86457 20.8861
15.7512 4.73204 20.8802
15.8076 4.5986 20.8738
15.8628 4.4642 20.8668
15.9169 4.32896 20.8593
15.9699 4.19283 20.8513
16.0218 4.05584 20.8429
16.0724 3.91799 20.8339
16.1219 3.77929 20.8244
16.1702 3.63976 20.8145
16.2174 3.49942 20.8041
16.2633 3.35823 20.7931
16.308 3.21629 20.7818
16.3515 3.07357 20.77
16.3938 2.93004 20.7576
16.4348 2.7858 20.7448
16.4746 2.64079 20.7316
16.5131 2.49509 20.718
16.5504 2.34864 20.7038
16.5864 2.20148 20.6892
16.621 2.05364 20.6742
16.6545 1.90513 20.6588
16.6866 1.75596 20.643
16.7173 1.60611 20.6267
16.7468 1.45567 20.61
16.775 1.30461 20.593
16.8017 1.15292 20.5756
16.8272 1.00067 20.5578
16.8513 0.847805 20.5395
16.874 0.694385 20.5209
16.8954 0.540457 20.502
16.9154 0.385952 20.4827
16.9341 0.230978 20.4631
16.9513 0.0754574 20.4431
16.9671 -0.0805022 20.4228
16.9815 -0.236989 20.4021
16.9945 -0.393885 20.3812
17.0061 -0.551223 20.36
17.0162 -0.708992 20.3385
17.0249 -0.86718 20.3166
17.0322 -1.02572 20.2946
17.038 -1.18469 20.2722
17.0423 -1.34398 20.2496
17.0452 -1.50364 20.2267
17.0466 -1.66358 20.2036
17.0466 -1.82386 20.1802
17.045 -1.98443 20.1566
17.042 -2.14525 20.1329
17.0375 -2.30636 20.1089
17.0315 -2.46773 20.0846
17.0239 -2.62929 20.0602
17.0149 -2.79106 20.0356
17.0043 -2.95301 20.0109
16.9923 -3.11514 19.986
16.9787 -3.27741 19.9609
16.9636 -3.43984 19.9356
16.9469 -3.60238 19.9103
16.9287 -3.765 19.8848
16.909 -3.92776 19.8591
16.8877 -4.09052 19.8334
16.8649 -4.25337 19.8075
16.8405 -4.4162 19.7816
16.8146 -4.57909 19.7555
16.7871 -4.74197 19.7294
16.7581 -4.90476 19.7032
16.7274 -5.06758 19.6769
16.6953 -5.23029 19.6506
16.6615 -5.39293 19.6242
16.6262 -5.55548 19.5977
16.5894 -5.71788 19.5712
16.5509 -5.88016 19.5447
16.5109 -6.0423 19.5182
16.4693 -6.20421 19.4917
16.4261 -6.36596 19.4651
16.3814 -6.52753 19.4384
16.335 -6.68882 19.4119
16.2872 -6.84989 19.3853
16.2377 -7.01065 19.3588
16.1867 -7.17114 19.3322
16.1341 -7.33133 19.3057
16.0799 -7.49118 19.2792
16.0242 -7.65067 19.2528
15.9669 -7.80982 19.2264
15.908 -7.9686 19.2
15.8475 -8.12696 19.1738
15.7855 -8.28486 19.1475
15.722 -8.44233 19.1215
15.6569 -8.59937 19.0954
15.5902 -8.75592 19.0693
15.522 -8.91193 19.0435
15.4522 -9.06748 19.0176
15.3809 -9.22246 18.9919
15.3081 -9.37689 18.9663
15.2337 -9.53075 18.9408
15.1578 -9.684 18.9153
15.0804 -9.83664 18.8901
15.0014 -9.98869 18.8648
14.921 -10.1401 18.8398
14.839 -10.2907 18.8149
14.7555 -10.4408 18.7901
14.6706 -10.59 18.7655
14.5842 -10.7386 18.7409
14.4962 -10.8864 18.7166
14.4068 -11.0335 18.6924
14.3159 -11.1798 18.6684
14.2235 -11.3253 18.6444
14.1298 -11.4699 18.6207
14.0345 -11.6138 18.5972
13.9378 -11.7568 18.5737
13.8397 -11.8988 18.5505
13.7402 -12.0401 18.5274
13.6392 -12.1803 18.5046
13.5368 -12.3197 18.4819
13.4331 -12.4581 18.4595
13.3279 -12.5956 18.4372
13.2214 -12.7321 18.4151
13.1135 -12.8676 18.3932
13.0043 -13.002 18.3715
12.8937 -13.1355 18.35
12.7818 -13.2678 18.3288
12.6685 -13.3991 18.3078
12.5539 -13.5293 18.2869
12.4381 -13.6584 18.2663
12.3209 -13.7864 18.2459
12.2024 -13.9133 18.2257
12.0827 -14.039 18.2057
11.9618 -14.1635 18.186
11.8396 -14.2868 18.1666
11.7161 -14.409 18.1473
11.5915 -14.5299 18.1283
11.4656 -14.6495 18.1096
11.3386 -14.768 18.0911
11.2103 -14.8851 18.0728
11.0809 -15.001 18.0548
10.9504 -15.1156 18.037
10.8187 -15.2288 18.0195
10.6859 -15.3407 18.0022
10.552 -15.4513 17.9852
10.417 -15.5605 17.9685
10.2809 -15.6683 17.952
10.1438 -15.7748 17.9359
10.0056 -15.8798 17.9199
9.8664 -15.9834 17.9042
9.72617 -16.0856 17.8888
9.58495 -16.1864 17.8736
9.44277 -16.2857 17.8588
9.29956 -16.3835 17.8442
9.15549 -16.4798 17.8299
9.01043 -16.5746 17.8159
8.86441 -16.6679 17.8021
8.71758 -16.7597 17.7886
8.56982 -16.8499 17.7754
8.42122 -16.9386 17.7625
8.27173 -17.0257 17.7498
8.12144 -17.1113 17.7375
7.97029 -17.1952 17.7254
7.81846 -17.2776 17.7137
7.66575 -17.3584 17.7021
7.51231 -17.4375 17.6909
7.35818 -17.5151 17.68
7.20322 -17.5909 17.6692
7.04768 -17.6652 17.6589
6.89135 -17.7378 17.6488
6.73441 -17.8087 17.639
6.57681 -17.8779 17.6295
6.41863 -17.9455 17.6203
6.25975 -18.0113 17.6113
6.10035 -18.0755 17.6026
5.94036 -18.1379 17.5942
5.77975 -18.1986 17.586
5.61867 -18.2576 17.5782
5.45708 -18.3149 17.5706
5.29499 -18.3705 17.5633
5.13243 -18.4243 17.5563
4.96936 -18.4763 17.5495
4.80592 -18.5266 17.5431
4.64201 -18.5751 17.5368
4.47772 -18.6218 17.5309
4.313 -18.6667 17.5251
4.14793 -18.7099 17.5197
3.98255 -18.7513 17.5145
3.81688 -18.791 17.5096
3.65085 -18.8288 17.5049
3.48451 -18.8648 17.5005
3.31794 -18.899 17.4963
3.1511 -18.9314 17.4923
2.98399 -18.9619 17.4885
2.81672 -18.9907 17.485
2.64924 -19.0177 17.4818
2.48156 -19.0428 17.4787
2.31379 -19.0662 17.4759
2.1458 -19.0876 17.4733
1.97775 -19.1073 17.4709
1.80959 -19.1252 17.4687
1.64128 -19.1412 17.4667
1.47297 -19.1554 17.4649
1.30455 -19.1677 17.4633
1.13618 -19.1782 17.4619
0.967732 -19.1869 17.4606
0.799302 -19.1937 17.4595
0.630918 -19.1988 17.4586
0.462515 -19.2019 17.4578
0.294191 -19.2032 17.4572
0.125961 -19.2027 17.4568
-0.0422063 -19.2004 17.4564
-0.210246 -19.1962 17.4562
-0.378142 -19.1902 17.4562
-0.54591 -19.1824 17.4563
-0.713564 -19.1727 17.4564
-0.881003 -19.1611 17.4567
-1.04827 -19.1478 17.4571
-1.21535 -19.1326 17.4575
-1.38218 -19.1155 17.458
-1.54878 -19.0967 17.4587
-1.71507 -19.076 17.4594
-1.88117 -19.0535 17.4601
-2.04693 -19.0292 17.4609
-2.21241 -19.003 17.4617
-2.37757 -18.975 17.4626
-2.5424 -18.9452 17.4635
-2.70682 -18.9136 17.4644
-2.87095 -18.8802 17.4653
-3.03463 -18.8449 17.4663
-3.19796 -18.8078 17.4671
-3.36084 -18.769 17.4681
-3.52332 -18.7283 17.4689
-3.68532 -18.6858 17.4698
-3.84685 -18.6416 17.4706
-4.00794 -18.5955 17.4714
-4.1685 -18.5477 17.4721
-4.32858 -18.498 17.4727
-4.48813 -18.4465 17.4733
-4.64711 -18.3933 17.4738
-4.80555 -18.3383 17.4742
-4.96343 -18.2815 17.4745
-5.12071 -18.2229 17.4746
-5.27738 -18.1626 17.4747
-5.43343 -18.1006 17.4747
-5.58888 -18.0367 17.4745
-5.74364 -17.9711 17.4742
-5.89776 -17.9037 17.4737
-6.05115 -17.8347 17.4731
-6.2039 -17.7638 17.4723
-6.35591 -17.6913 17.4713
-6.50717 -17.6171 17.4703
-6.65771 -17.5411 17.4689
-6.80749 -17.4633 17.4674
-6.95649 -17.3839 17.4658
-7.1047 -17.3028 17.4638
-7.25212 -17.22 17.4617
-7.3987 -17.1355 17.4594
-7.54445 -17.0493 17.4568
-7.68932 -16.9616 17.4541
-7.83336 -16.872 17.4511
-7.97651 -16.7809 17.4478
-8.11874 -16.6881 17.4443
-8.2601 -16.5936 17.4405
-8.40049 -16.4976 17.4365
-8.53996 -16.3999 17.4322
-8.67848 -16.3006 17.4276
-8.816 -16.1998 17.4229
-8.95255 -16.0974 17.4178
-9.08811 -15.9933 17.4123
-9.22266 -15.8876 17.4066
-9.35616 -15.7805 17.4006
-9.48861 -15.6719 17.3944
-9.62002 -15.5617 17.3878
-9.75037 -15.4499 17.3809
-9.87963 -15.3367 17.3737
-10.0078 -15.222 17.3663
-10.1348 -15.1058 17.3584
-10.2608 -14.9881 17.3503
-10.3856 -14.869 17.3418
-10.5092 -14.7484 17.333
-10.6317 -14.6265 17.324
-10.753 -14.5031 17.3145
-10.8732 -14.3783 17.3047
-10.9921 -14.2522 17.2946
-11.1099 -14.1248 17.2842
-11.2264 -13.9959 17.2734
-11.3417 -13.8658 17.2623
-11.4557 -13.7342 17.2508
-11.5685 -13.6014 17.239
-11.6801 -13.4674 17.2269
-11.7904 -13.3322 17.2145
-11.8994 -13.1956 17.2016
-12.0071 -13.0578 17.1885
-12.1136 -12.9188 17.175
-12.2187 -12.7786 17.1611
-12.3225 -12.6374 17.147
-12.425 -12.4948 17.1324
-12.5262 -12.3513 17.1176
-12.626 -12.2065 17.1024
-12.7245 -12.0607 17.0868
-12.8217 -11.9139 17.071
-12.9175 -11.7659 17.0548
-13.0119 -11.6169 17.0382
-13.105 -11.4669 17.0213
-13.1967 -11.3159 17.0041
-13.2871 -11.164 16.9866
-13.376 -11.0111 16.9688
-13.4636 -10.8572 16.9506
-13.5497 -10.7025 16.9321
-13.6345 -10.5469 16.9133
-13.7179 -10.3903 16.8942
-13.7998 -10.2329 16.8748
-13.8804 -10.0747 16.8551
-13.9596 -9.91574 16.835
-14.0373 -9.75596 16.8147
-14.1136 -9.59539 16.7941
-14.1885 -9.43407 16.7732
-14.262 -9.272 16.7521
-14.334 -9.10931 16.7306
-14.4047 -8.9459 16.7089
-14.4738 -8.78177 16.6869
-14.5416 -8.61707 16.6647
-14.6079 -8.45181 16.6423
-14.6728 -8.28587 16.6195
-14.7363 -8.11939 16.5965
-14.7983 -7.95226 16.5733
-14.8589 -7.78462 16.5498
-14.9181 -7.61661 16.5262
-14.9758 -7.44799 16.5024
-15.0321 -7.2789 16.4783
-15.0869 -7.10946 16.454
-15.1403 -6.93946 16.4296
-15.1923 -6.76915 16.4049
-15.2428 -6.59842 16.3801
-15.2918 -6.42728 16.3551
-15.3395 -6.25588 16.33
-15.3857 -6.0841 16.3047
-15.4305 -5.91206 16.2792
-15.4738 -5.73981 16.2537
-15.5157 -5.56721 16.228
-15.5561 -5.39429 16.2022
-15.5951 -5.22131 16.1763
-15.6327 -5.04803 16.1503
-15.6689 -4.87471 16.1242
-15.7036 -4.70112 16.0981
-15.7369 -4.52741 16.0718
-15.7687 -4.35357 16.0455
-15.7992 -4.17975 16.0192
-15.8281 -4.00573 15.9928
-15.8557 -3.83174 15.9664
-15.8819 -3.65771 15.94
-15.9066 -3.48363 15.9136
-15.9299 -3.30963 15.8872
-15.9518 -3.13563 15.8608
-15.9722 -2.96162 15.8344
-15.9913 -2.78775 15.808
-16.009 -2.61402 15.7818
-16.0252 -2.44034 15.7555
-16.04 -2.26673 15.7293
-16.0534 -2.09331 15.7032
-16.0654 -1.92011 15.6771
-16.076 -1.74712 15.6512
-16.0852 -1.57427 15.6254
-16.093 -1.40168 15.5997
-16.0994 -1.22934 15.5741
-16.1044 -1.0572 15.5486
-16.108 -0.885471 15.5234
-16.1102 -0.713945 15.4982
-16.111 -0.542765 15.4732
-16.1105 -0.372038 15.4485
-16.1086 -0.201577 15.4239
-16.1053 -0.0315077 15.3994
-16.1006 0.138158 15.3752
-16.0946 0.307407 15.3512
-16.0871 0.476231 15.3275
-16.0784 0.64459 15.3039
-16.0682 0.812487 15.2806
-16.0568 0.979779 15.2577
-16.0439 1.14669 15.2349
-16.0297 1.31307 15.2124
-16.0142 1.47882 15.1902
-15.9973 1.64411 15.1682
-15.9791 1.80873 15.1466
-15.9595 1.97287 15.1252
-15.9386 2.1363 15.1042
-15.9164 2.29911 15.0835
-15.8929 2.46129 15.0632
-15.8681 2.6228 15.0432
-15.8419 2.78367 15.0234
-15.8145 2.94373 15.0042
-15.7858 3.10319 14.9852
-15.7557 3.26194 14.9665
-15.7245 3.41985 14.9483
-15.6919 3.57712 14.9304
-15.658 3.73352 14.9129
-15.6229 3.88913 14.8959
-15.5865 4.04406 14.8791
-15.5489 4.19806 14.8628
-15.51 4.35134 14.8469
-15.4699 4.50368 14.8314
-15.4285 4.65525 14.8163
-15.386 4.80586 14.8017
-15.3422 4.95567 14.7874
-15.2972 5.10457 14.7736
-15.251 5.25256 14.7602
-15.2036 5.39963 14.7472
-15.1549 5.54583 14.7347
-15.1052 5.69099 14.7226
-15.0542 5.83527 14.711
-15.0022 5.97856 14.6998
-14.9488 6.12095 14.689
-14.8944 6.26232 14.6787
-14.8389 6.40268 14.6688
-14.7822 6.54207 14.6594
-14.7244 6.68044 14.6505
-14.6655 6.81773 14.642
-14.6055 6.95404 14.634
-14.5443 7.08937 14.6264
-14.4822 7.22359 14.6193
-14.4189 7.3568 14.6126
-14.3545 7.48897 14.6063
-14.2891 7.62003 14.6006
-14.2226 7.75004 14.5953
-14.1551 7.87898 14.5904
-14.0866 8.00678 14.5861
-14.017 8.13356 14.5821
-13.9465 8.25919 14.5787
-13.8749 8.38379 14.5756
-13.8024 8.50721 14.5731
-13.7288 8.62952 14.571
-13.6543 8.75076 14.5693
-13.5788 8.87083 14.5681
-13.5024 8.9898 14.5673
-13.425 9.10764 14.5669
-13.3467 9.22432 14.567
-13.2674 9.33991 14.5675
-13.1872 9.45434 14.5685
-13.1062 9.56759 14.5699
-13.0242 9.67974 14.5717
-12.9414 9.79069 14.574
-12.8577 9.90047 14.5767
-12.7731 10.0091 14.5798
-12.6877 10.1166 14.5833
-12.6013 10.223 14.5872
-12.5142 10.3281 14.5915
-12.4262 10.4322 14.5963
-12.3375 10.535 14.6014
-12.2479 10.6367 14.6069
-12.1575 10.7371 14.6129
-12.0664 10.8364 14.6192
-11.9744 10.9346 14.6259
-11.8817 11.0315 14.633
-11.7881 11.1273 14.6404
-11.6939 11.2219 14.6483
-11.599 11.3153 14.6565
-11.5033 11.4076 14.6651
-11.4069 11.4986 14.674
-11.3098 11.5885 14.6833
-11.212 11.6772 14.693
-11.1134 11.7648 14.7029
-11.0143 11.8511 14.7133
-10.9143 11.9363 14.7239
-10.8138 12.0202 14.735
-10.7127 12.103 14.7463
-10.6108 12.1846 14.7579
-10.5084 12.265 14.7699
-10.4053 12.3442 14.7822
-10.3016 12.4223 14.7948
-10.1973 12.4991 14.8077
-10.0925 12.5748 14.8209
-9.98703 12.6493 14.8344
-9.88108 12.7225 14.8483
-9.77444 12.7947 14.8623
-9.66732 12.8656 14.8767
-9.55976 12.9353 14.8914
-9.45153 13.0039 14.9064
-9.34288 13.0712 14.9216
-9.2337 13.1374 14.9371
-9.12401 13.2024 14.9528
-9.01383 13.2662 14.9688
-8.90316 13.3289 14.9851
-8.79213 13.3903 15.0017
-8.68053 13.4506 15.0184
-8.56859 13.5097 15.0355
-8.45623 13.5676 15.0528
-8.34333 13.6243 15.0702
-8.23014 13.6799 15.088
-8.11655 13.7343 15.106
-8.00258 13.7875 15.1242
-7.88824 13.8395 15.1427
-7.77355 13.8903 15.1613
-7.65851 13.94 15.1802
-7.54315 13.9885 15.1993
-7.42746 14.0359 15.2187
3.65688 14.0161 -52.8009
3.77923 13.9812 -52.7917
3.90125 13.9451 -52.7821
4.02293 13.9079 -52.7721
4.14427 13.8695 -52.7617
4.26524 13.8299 -52.7509
4.38584 13.7892 -52.7397
4.50606 13.7474 -52.7281
4.62588 13.7044 -52.7161
4.7453 13.6603 -52.7037
4.86429 13.615 -52.6909
4.98286 13.5686 -52.6778
5.10099 13.5211 -52.6642
5.21866 13.4725 -52.6503
5.33587 13.4227 -52.6359
5.4526 13.3719 -52.6212
5.56885 13.32 -52.606
5.6846 13.2669 -52.5905
5.79984 13.2128 -52.5746
5.91456 13.1576 -52.5583
6.02876 13.1014 -52.5416
6.14241 13.044 -52.5245
6.25552 12.9856 -52.507
6.36806 12.9262 -52.4891
6.48004 12.8657 -52.4709
6.59143 12.8041 -52.4522
6.70223 12.7416 -52.4332
6.81243 12.678 -52.4137
6.92202 12.6134 -52.3938
7.031 12.5477 -52.3736
7.13934 12.4811 -52.353
7.24704 12.4135 -52.3319
7.35409 12.3449 -52.3105
7.46049 12.2753 -52.2887
7.56622 12.2047 -52.2665
7.67127 12.1332 -52.2439
7.77564 12.0607 -52.2209
7.87932 11.9873 -52.1975
7.98229 11.9129 -52.1738
8.08456 11.8376 -52.1496
8.18611 11.7614 -52.1251
8.28693 11.6843 -52.1001
8.38702 11.6063 -52.0748
8.48636 11.5273 -52.049
8.58496 11.4475 -52.0229
8.6828 11.3669 -51.9965
8.77988 11.2853 -51.9696
8.87619 11.2029 -51.9423
8.97172 11.1197 -51.9147
9.06647 11.0356 -51.8867
9.16042 10.9508 -51.8584
9.25357 10.865 -51.8295
9.34593 10.7785 -51.8004
9.43747 10.6912 -51.7709
9.5282 10.6031 -51.7411
9.61811 10.5142 -51.7108
9.70719 10.4246 -51.6802
9.79543 10.3342 -51.6493
9.88284 10.2431 -51.6179
9.96941 10.1512 -51.5862
10.0551 10.0586 -51.5542
10.14 9.96529 -51.5219
10.224 9.87128 -51.4892
10.3072 9.77658 -51.4561
10.3894 9.68119 -51.4227
10.4709 9.58513 -51.389
10.5514 9.48842 -51.355
10.6311 9.39104 -51.3206
10.7098 9.29303 -51.286
10.7877 9.19439 -51.251
10.8648 9.09513 -51.2157
10.9409 8.99526 -51.1802
11.0161 8.89479 -51.1443
11.0904 8.79374 -51.1081
11.1639 8.6921 -51.0717
11.2364 8.58989 -51.035
11.3081 8.48713 -50.998
11.3788 8.38382 -50.9608
11.4486 8.27997 -50.9233
11.5175 8.1756 -50.8856
11.5855 8.07071 -50.8476
11.6526 7.9653 -50.8094
11.7188 7.8594 -50.771
11.784 7.75301 -50.7324
11.8484 7.64614 -50.6935
11.9118 7.53881 -50.6545
11.9743 7.43101 -50.6153
12.0359 7.32276 -50.576
12.0965 7.21407 -50.5364
12.1562 7.10494 -50.4967
12.2151 6.9954 -50.4568
12.2729 6.88544 -50.4168
12.3299 6.77507 -50.3767
12.3859 6.6643 -50.3365
12.441 6.55315 -50.2961
12.4952 6.44161 -50.2557
12.5485 6.3297 -50.2151
12.6008 6.21744 -50.1745
12.6522 6.10481 -50.1338
12.7026 5.99183 -50.0931
12.7522 5.87852 -50.0524
12.8008 5.76487 -50.0115
12.8484 5.6509 -49.9708
12.8952 5.53662 -49.9299
12.9409 5.42202 -49.8891
12.9858 5.30712 -49.8483
13.0297 5.19192 -49.8075
13.0727 5.07644 -49.7668
13.1148 4.96068 -49.7261
13.1559 4.84464 -49.6855
13.1961 4.72833 -49.645
13.2353 4.61177 -49.6045
13.2736 4.49495 -49.5642
13.311 4.37788 -49.524
13.3474 4.26057 -49.4839
13.3829 4.14303 -49.4439
13.4174 4.02526 -49.4041
13.451 3.90726 -49.3645
13.4836 3.78905 -49.3251
13.5153 3.67063 -49.2858
13.546 3.55201 -49.2468
13.5758 3.43319 -49.2079
13.6046 3.31418 -49.1693
13.6325 3.19498 -49.131
13.6594 3.0756 -49.0928
13.6853 2.95605 -49.055
13.7103 2.83633 -49.0175
13.7343 2.71645 -48.9802
13.7574 2.59642 -48.9432
13.7794 2.47623 -48.9066
13.8005 2.3559 -48.8702
13.8207 2.23543 -48.8343
13.8398 2.11483 -48.7986
13.858 1.9941 -48.7634
13.8752 1.87326 -48.7285
13.8914 1.7523 -48.694
13.9066 1.63123 -48.6599
13.9208 1.51006 -48.6262
13.934 1.3888 -48.593
13.9462 1.26744 -48.5601
13.9575 1.14601 -48.5277
13.9677 1.0245 -48.4958
13.9769 0.902917 -48.4643
13.9851 0.781273 -48.4333
13.9923 0.659574 -48.4028
13.9984 0.537825 -48.3728
14.0036 0.416035 -48.3432
14.0077 0.294209 -48.3142
14.0108 0.172354 -48.2858
14.0129 0.0504798 -48.2578
14.0139 -0.0714088 -48.2304
14.0139 -0.193304 -48.2036
14.0128 -0.315197 -48.1772
14.0107 -0.437081 -48.1515
14.0076 -0.558948 -48.1263
14.0034 -0.68079 -48.1017
13.9982 -0.8026 -48.0778
13.9919 -0.924369 -48.0544
13.9845 -1.04609 -48.0316
13.9761 -1.16775 -48.0094
13.9666 -1.28935 -47.9878
13.9561 -1.41087 -47.9669
13.9445 -1.53231 -47.9466
13.9318 -1.65365 -47.9269
13.9181 -1.7749 -47.9079
13.9032 -1.89603 -47.8895
13.8873 -2.01705 -47.8718
13.8704 -2.13794 -47.8548
13.8523 -2.25869 -47.8383
13.8332 -2.37929 -47.8226
13.813 -2.49974 -47.8075
13.7917 -2.62002 -47.7932
13.7693 -2.74012 -47.7795
13.7458 -2.86004 -47.7665
13.7212 -2.97976 -47.7541
13.6956 -3.09928 -47.7425
13.6689 -3.21858 -47.7315
13.6411 -3.33765 -47.7213
13.6122 -3.45649 -47.7117
13.5822 -3.57509 -47.7029
13.5511 -3.69343 -47.6947
13.519 -3.8115 -47.6873
13.4857 -3.92929 -47.6805
13.4514 -4.0468 -47.6745
13.416 -4.16401 -47.6692
13.3796 -4.28092 -47.6646
13.342 -4.3975 -47.6607
13.3034 -4.51376 -47.6575
13.2637 -4.62968 -47.655
13.2229 -4.74525 -47.6532
13.1811 -4.86046 -47.6521
13.1382 -4.9753 -47.6518
13.0943 -5.08976 -47.6521
13.0493 -5.20383 -47.6532
13.0032 -5.3175 -47.655
12.9561 -5.43076 -47.6574
12.908 -5.5436 -47.6606
12.8588 -5.65601 -47.6644
12.8086 -5.76798 -47.669
12.7573 -5.8795 -47.6742
12.7051 -5.99055 -47.6802
12.6518 -6.10114 -47.6868
12.5975 -6.21125 -47.6941
12.5421 -6.32087 -47.7021
12.4858 -6.42999 -47.7108
12.4285 -6.5386 -47.7201
12.3702 -6.64669 -47.7301
12.3109 -6.75426 -47.7407
12.2506 -6.86129 -47.7521
12.1894 -6.96777 -47.7641
12.1272 -7.07371 -47.7767
12.064 -7.17908 -47.7899
11.9999 -7.28388 -47.8039
11.9349 -7.3881 -47.8184
11.8689 -7.49174 -47.8336
11.802 -7.59478 -47.8493
11.7342 -7.69721 -47.8657
11.6654 -7.79904 -47.8827
11.5958 -7.90024 -47.9003
11.5253 -8.00083 -47.9185
11.4538 -8.10077 -47.9373
11.3815 -8.20008 -47.9566
11.3084 -8.29874 -47.9765
11.2343 -8.39674 -47.997
11.1594 -8.49408 -48.018
11.0837 -8.59076 -48.0395
11.0071 -8.68676 -48.0616
10.9297 -8.78208 -48.0842
10.8515 -8.87671 -48.1074
10.7725 -8.97065 -48.131
10.6927 -9.06389 -48.1551
10.612 -9.15643 -48.1797
10.5306 -9.24826 -48.2048
10.4485 -9.33937 -48.2303
10.3655 -9.42976 -48.2564
10.2818 -9.51942 -48.2828
10.1974 -9.60836 -48.3097
10.1122 -9.69656 -48.337
10.0263 -9.78401 -48.3647
9.93963 -9.87073 -48.3928
9.85228 -9.95669 -48.4214
9.76422 -10.0419 -48.4503
9.67547 -10.1263 -48.4795
9.58602 -10.21 -48.5091
9.4959 -10.293 -48.5391
9.40511 -10.3751 -48.5694
9.31365 -10.4565 -48.6
9.22154 -10.5371 -48.6309
9.12879 -10.6169 -48.6622
9.03539 -10.6959 -48.6937
8.94137 -10.7742 -48.7255
8.84672 -10.8516 -48.7575
8.75146 -10.9283 -48.7898
8.65559 -11.0041 -48.8224
8.55913 -11.0792 -48.8551
8.46207 -11.1534 -48.8881
8.36443 -11.2268 -48.9213
8.26622 -11.2994 -48.9546
8.16743 -11.3712 -48.9882
8.06809 -11.4422 -49.0219
7.96819 -11.5124 -49.0557
7.86774 -11.5817 -49.0897
7.76676 -11.6502 -49.1239
7.66524 -11.7179 -49.1581
7.56319 -11.7847 -49.1924
7.46063 -11.8507 -49.2269
7.35755 -11.9158 -49.2614
7.25396 -11.9801 -49.296
7.14988 -12.0436 -49.3306
7.04531 -12.1062 -49.3653
6.94024 -12.1679 -49.4001
6.8347 -12.2288 -49.4348
6.72868 -12.2889 -49.4695
6.6222 -12.348 -49.5043
6.51525 -12.4063 -49.539
6.40785 -12.4637 -49.5738
6.3 -12.5203 -49.6085
6.19171 -12.5759 -49.6431
6.08298 -12.6307 -49.6777
5.97382 -12.6846 -49.7122
5.86424 -12.7376 -49.7467
5.75424 -12.7897 -49.7811
5.64382 -12.841 -49.8153
5.533 -12.8913 -49.8495
5.42177 -12.9407 -49.8835
5.31015 -12.9892 -49.9175
5.19814 -13.0368 -49.9513
5.08575 -13.0835 -49.9849
4.97299 -13.1292 -50.0184
4.85985 -13.174 -50.0518
4.74634 -13.2179 -50.0849
4.63248 -13.2609 -50.1179
4.51826 -13.3029 -50.1507
4.4037 -13.344 -50.1833
4.2888 -13.3842 -50.2158
4.17356 -13.4234 -50.248
4.05799 -13.4617 -50.2799
3.94211 -13.4989 -50.3117
3.8259 -13.5353 -50.3433
3.70939 -13.5707 -50.3745
3.59258 -13.6051 -50.4056
3.47547 -13.6385 -50.4364
3.35807 -13.6709 -50.467
3.24038 -13.7024 -50.4972
3.12242 -13.7329 -50.5273
3.00419 -13.7624 -50.557
2.8857 -13.7909 -50.5865
2.76696 -13.8184 -50.6156
2.64796 -13.8449 -50.6445
2.52872 -13.8704 -50.6731
2.40926 -13.8949 -50.7014
2.28956 -13.9183 -50.7294
2.16964 -13.9408 -50.757
2.04951 -13.9622 -50.7844
1.92918 -13.9826 -50.8114
1.80865 -14.002 -50.8381
1.68793 -14.0203 -50.8645
1.56703 -14.0376 -50.8906
1.44596 -14.0539 -50.9163
1.32472 -14.0691 -50.9417
1.20333 -14.0833 -50.9667
1.08179 -14.0964 -50.9914
0.960103 -14.1085 -51.0158
0.838288 -14.1195 -51.0398
0.716349 -14.1294 -51.0634
0.594295 -14.1383 -51.0867
0.472135 -14.1461 -51.1096
0.349878 -14.1528 -51.1322
0.227531 -14.1584 -51.1544
0.105106 -14.163 -51.1762
-0.0173904 -14.1665 -51.1977
-0.139948 -14.1689 -51.2188
-0.262558 -14.1702 -51.2395
-0.385211 -14.1704 -51.2599
-0.507897 -14.1696 -51.2799
-0.630609 -14.1676 -51.2994
-0.753335 -14.1646 -51.3186
-0.876065 -14.1604 -51.3375
-0.99879 -14.1552 -51.3559
-1.1215 -14.1488 -51.374
-1.24419 -14.1413 -51.3917
-1.36684 -14.1328 -51.409
-1.48945 -14.1231 -51.4259
-1.61201 -14.1123 -51.4424
-1.7345 -14.1004 -51.4585
-1.85691 -14.0874 -51.4742
-1.97924 -14.0733 -51.4896
-2.10148 -14.058 -51.5045
-2.22361 -14.0417 -51.519
-2.34563 -14.0242 -51.5332
-2.46752 -14.0056 -51.5469
-2.58927 -13.9859 -51.5603
-2.71088 -13.9651 -51.5732
-2.83232 -13.9432 -51.5858
-2.9536 -13.9201 -51.5979
-3.0747 -13.8959 -51.6097
-3.19561 -13.8706 -51.621
-3.31633 -13.8442 -51.6319
-3.43682 -13.8167 -51.6425
-3.5571 -13.788 -51.6526
-3.67715 -13.7583 -51.6623
-3.79695 -13.7274 -51.6716
-3.91649 -13.6954 -51.6805
-4.03577 -13.6623 -51.689
-4.15478 -13.6281 -51.6971
-4.2735 -13.5928 -51.7047
-4.39191 -13.5563 -51.712
-4.51002 -13.5188 -51.7189
-4.62781 -13.4802 -51.7253
-4.74527 -13.4404 -51.7313
-4.86239 -13.3996 -51.7369
-4.97916 -13.3576 -51.7421
-5.09556 -13.3146 -51.7469
-5.21158 -13.2705 -51.7513
-5.32722 -13.2252 -51.7552
-5.44246 -13.1789 -51.7588
-5.5573 -13.1315 -51.7619
-5.67172 -13.0831 -51.7646
-5.78571 -13.0335 -51.7669
-5.89926 -12.9829 -51.7687
-6.01235 -12.9312 -51.7702
-6.12499 -12.8784 -51.7712
-6.23715 -12.8246 -51.7718
-6.34884 -12.7697 -51.772
-6.46002 -12.7138 -51.7718
-6.57071 -12.6568 -51.7712
-6.68088 -12.5988 -51.7701
-6.79052 -12.5397 -51.7686
-6.89963 -12.4796 -51.7667
-7.00819 -12.4185 -51.7644
-7.1162 -12.3563 -51.7616
-7.22364 -12.2932 -51.7585
-7.3305 -12.229 -51.7549
-7.43678 -12.1638 -51.7509
-7.54246 -12.0976 -51.7465
-7.64754 -12.0304 -51.7417
-7.75199 -11.9622 -51.7364
-7.85582 -11.8931 -51.7308
-7.95902 -11.823 -51.7247
-8.06157 -11.7519 -51.7182
-8.16346 -11.6798 -51.7113
-8.26469 -11.6068 -51.704
-8.36525 -11.5328 -51.6963
-8.46512 -11.4579 -51.6881
-8.5643 -11.3821 -51.6796
-8.66279 -11.3053 -51.6706
-8.76056 -11.2276 -51.6613
-8.85761 -11.149 -51.6515
-8.95393 -11.0695 -51.6413
-9.04952 -10.9891 -51.6308
-9.14437 -10.9078 -51.6198
-9.23846 -10.8257 -51.6085
-9.3318 -10.7427 -51.5967
-9.42436 -10.6588 -51.5846
-9.51615 -10.574 -51.5721
-9.60715 -10.4884 -51.5592
-9.69737 -10.402 -51.5459
-9.78678 -10.3148 -51.5322
-9.87539 -10.2267 -51.5182
-9.96318 -10.1379 -51.5038
-10.0502 -10.0482 -51.489
-10.1363 -9.95773 -51.4738
-10.2216 -9.8665 -51.4584
-10.3061 -9.77449 -51.4425
-10.3897 -9.68173 -51.4263
-10.4725 -9.58821 -51.4097
-10.5544 -9.49396 -51.3929
-10.6355 -9.39897 -51.3756
-10.7156 -9.30326 -51.3581
-10.7949 -9.20685 -51.3402
-10.8734 -9.10973 -51.322
-10.9509 -9.01191 -51.3035
-11.0275 -8.91342 -51.2847
-11.1033 -8.81426 -51.2655
-11.1781 -8.71443 -51.2461
-11.252 -8.61396 -51.2264
-11.3251 -8.51284 -51.2064
-11.3972 -8.4111 -51.1862
-11.4684 -8.30873 -51.1656
-11.5386 -8.20575 -51.1448
-11.608 -8.10218 -51.1238
-11.6764 -7.99801 -51.1025
-11.7438 -7.89326 -51.081
-11.8104 -7.78795 -51.0592
-11.8759 -7.68207 -51.0373
-11.9406 -7.57565 -51.0151
-12.0043 -7.46869 -50.9927
-12.067 -7.3612 -50.9701
-12.1288 -7.25319 -50.9474
-12.1896 -7.14467 -50.9244
-12.2494 -7.03566 -50.9014
-12.3083 -6.92616 -50.8781
-12.3663 -6.81617 -50.8547
-12.4232 -6.70572 -50.8312
-12.4792 -6.59481 -50.8076
-12.5342 -6.48345 -50.7838
-12.5883 -6.37166 -50.7599
-12.6413 -6.25943 -50.736
-12.6934 -6.14678 -50.7119
-12.7445 -6.03372 -50.6878
-12.7946 -5.92026 -50.6637
-12.8438 -5.80641 -50.6394
-12.8919 -5.69218 -50.6152
-12.9391 -5.57758 -50.5909
-12.9853 -5.46261 -50.5667
-13.0304 -5.34729 -50.5424
-13.0746 -5.23162 -50.5181
-13.1178 -5.11562 -50.4939
-13.16 -4.99929 -50.4697
-13.2012 -4.88264 -50.4456
-13.2414 -4.76569 -50.4215
-13.2806 -4.64843 -50.3975
-13.3188 -4.53088 -50.3736
-13.356 -4.41305 -50.3498
-13.3922 -4.29495 -50.3261
-13.4274 -4.17658 -50.3025
-13.4616 -4.05795 -50.2791
-13.4948 -3.93907 -50.2558
-13.5269 -3.81995 -50.2327
-13.5581 -3.70061 -50.2098
-13.5883 -3.58103 -50.187
-13.6174 -3.46125 -50.1645
-13.6455 -3.34125 -50.1422
-13.6726 -3.22106 -50.1202
-13.6987 -3.10068 -50.0983
-13.7238 -2.98011 -50.0768
-13.7479 -2.85937 -50.0555
-13.771 -2.73846 -50.0344
-13.793 -2.6174 -50.0137
-13.814 -2.49618 -49.9933
-13.834 -2.37482 -49.9732
-13.853 -2.25333 -49.9535
-13.8709 -2.13171 -49.9341
-13.8878 -2.00997 -49.915
-13.9037 -1.88813 -49.8964
-13.9186 -1.76618 -49.8781
-13.9325 -1.64413 -49.8602
-13.9453 -1.522 -49.8427
-13.9571 -1.39979 -49.8256
-13.9678 -1.27751 -49.809
-13.9776 -1.15517 -49.7928
-13.9863 -1.03277 -49.7771
-13.9939 -0.910326 -49.7618
-14.0006 -0.787843 -49.747
-14.0062 -0.66533 -49.7327
-14.0107 -0.542794 -49.7188
-14.0143 -0.420244 -49.7055
-14.0168 -0.297687 -49.6927
-14.0182 -0.175132 -49.6804
-14.0187 -0.0525876 -49.6687
-14.018 0.0699389 -49.6575
-14.0164 0.192439 -49.6468
-14.0137 0.314905 -49.6367
-14.01 0.437328 -49.6272
-14.0052 0.5597 -49.6182
-13.9994 0.682012 -49.6098
-13.9926 0.804257 -49.6021
-13.9847 0.926426 -49.5948
-13.9758 1.04851 -49.5882
-13.9659 1.1705 -49.5823
-13.9549 1.29239 -49.5769
-13.9429 1.41417 -49.5721
-13.9298 1.53583 -49.568
-13.9157 1.65737 -49.5645
-13.9006 1.77877 -49.5616
-13.8845 1.90003 -49.5594
-13.8673 2.02113 -49.5578
-13.8491 2.14207 -49.5568
-13.8298 2.26285 -49.5565
-13.8096 2.38345 -49.5569
-13.7883 2.50386 -49.5579
-13.766 2.62408 -49.5595
-13.7427 2.74409 -49.5618
-13.7183 2.86389 -49.5648
-13.693 2.98348 -49.5684
-13.6666 3.10283 -49.5727
-13.6392 3.22195 -49.5776
-13.6108 3.34083 -49.5832
-13.5815 3.45945 -49.5894
-13.5511 3.57781 -49.5963
-13.5197 3.6959 -49.6039
-13.4873 3.81371 -49.6121
-13.4539 3.93124 -49.6209
-13.4196 4.04847 -49.6304
-13.3842 4.1654 -49.6406
-13.3479 4.28202 -49.6513
-13.3106 4.39832 -49.6627
-13.2723 4.5143 -49.6748
-13.2331 4.62994 -49.6875
-13.1929 4.74525 -49.7007
-13.1517 4.8602 -49.7146
-13.1096 4.9748 -49.7291
-13.0665 5.08903 -49.7443
-13.0225 5.2029 -49.76
-12.9776 5.31638 -49.7763
-12.9317 5.42948 -49.7932
-12.8849 5.54219 -49.8107
-12.8371 5.65449 -49.8287
-12.7884 5.76639 -49.8473
-12.7388 5.87788 -49.8665
-12.6883 5.98894 -49.8862
-12.6369 6.09958 -49.9065
-12.5846 6.20979 -49.9272
-12.5314 6.31955 -49.9485
-12.4773 6.42887 -49.9703
-12.4223 6.53773 -49.9926
-12.3665 6.64613 -50.0154
-12.3097 6.75407 -50.0387
-12.2521 6.86153 -50.0624
-12.1936 6.96852 -50.0866
-12.1343 7.07502 -50.1112
-12.0741 7.18104 -50.1363
-12.0131 7.28655 -50.1618
-11.9512 7.39157 -50.1877
-11.8885 7.49607 -50.214
-11.8249 7.60006 -50.2407
-11.7605 7.70354 -50.2678
-11.6953 7.80648 -50.2952
-11.6293 7.9089 -50.323
-11.5624 8.01078 -50.3511
-11.4947 8.11212 -50.3796
-11.4263 8.21291 -50.4084
-11.357 8.31315 -50.4374
-11.2869 8.41283 -50.4667
-11.2161 8.51195 -50.4964
-11.1444 8.6105 -50.5262
-11.072 8.70847 -50.5564
-10.9988 8.80587 -50.5867
-10.9248 8.90268 -50.6173
-10.8501 8.99889 -50.648
-10.7745 9.09451 -50.679
-10.6983 9.18953 -50.7101
-10.6212 9.28395 -50.7415
-10.5434 9.37774 -50.7729
-10.4649 9.47093 -50.8045
-10.3856 9.56348 -50.8362
-10.3056 9.65541 -50.868
-10.2248 9.7467 -50.8999
-10.1433 9.83735 -50.9319
-10.061 9.92735 -50.964
-9.97806 10.0167 -50.9961
-9.89437 10.1054 -51.0282
-9.80996 10.1934 -51.0604
-9.72482 10.2808 -51.0926
-9.63897 10.3675 -51.1248
-9.55241 10.4534 -51.1569
-9.46514 10.5388 -51.1891
-9.37717 10.6234 -51.2212
-9.28849 10.7073 -51.2533
-9.19912 10.7905 -51.2853
-9.10905 10.873 -51.3172
-9.01829 10.9547 -51.349
-8.92684 11.0358 -51.3807
-8.83471 11.1161 -51.4124
-8.74189 11.1956 -51.4438
-8.6484 11.2744 -51.4752
-8.55422 11.3525 -51.5063
-8.45938 11.4298 -51.5374
-8.36388 11.5063 -51.5683
-8.2677 11.582 -51.5989
-8.17087 11.657 -51.6295
-8.07337 11.7311 -51.6597
-7.97522 11.8045 -51.6898
-7.87644 11.877 -51.7197
-7.77699 11.9488 -51.7493
-7.67691 12.0197 -51.7787
-7.57619 12.0898 -51.8078
-7.47484 12.159 -51.8366
-7.37286 12.2274 -51.8652
-7.27025 12.295 -51.8935
-7.16703 12.3617 -51.9215
-7.06319 12.4275 -51.9492
-6.95874 12.4924 -51.9766
-6.85369 12.5565 -52.0038
-6.74803 12.6196 -52.0305
-6.64178 12.6819 -52.057
-6.53493 12.7433 -52.0831
-6.42752 12.8037 -52.1089
-6.31952 12.8632 -52.1344
-6.21094 12.9218 -52.1595
-6.1018 12.9794 -52.1842
-5.9921 13.0361 -52.2085
-5.88184 13.0918 -52.2325
-5.77104 13.1466 -52.2561
-5.6597 13.2004 -52.2794
-5.54782 13.2532 -52.3022
-5.43542 13.305 -52.3246
-5.3225 13.3559 -52.3467
-5.20907 13.4057 -52.3684
-5.09513 13.4545 -52.3896
-4.9807 13.5023 -52.4105
-4.86577 13.5491 -52.4309
-4.75037 13.5948 -52.4509
-4.63448 13.6395 -52.4705
-4.51815 13.6832 -52.4897
-4.40135 13.7258 -52.5085
-4.2841 13.7673 -52.5268
-4.16642 13.8078 -52.5447
-4.0483 13.8471 -52.5622
-3.92977 13.8855 -52.5793
-3.81083 13.9227 -52.5959
-3.69148 13.9588 -52.6121
-3.57174 13.9938 -52.6278
-3.45163 14.0278 -52.6431
-3.33113 14.0606 -52.658
-3.21029 14.0923 -52.6724
-3.08908 14.1229 -52.6864
-2.96753 14.1523 -52.6999
-2.84565 14.1806 -52.713
-2.72346 14.2078 -52.7257
-2.60096 14.2338 -52.738
-2.47816 14.2587 -52.7497
-2.35507 14.2824 -52.7611
-2.23169 14.305 -52.7719
-2.10807 14.3264 -52.7824
-1.98418 14.3466 -52.7924
-1.86005 14.3657 -52.8019
-1.73569 14.3835 -52.8111
-1.61111 14.4003 -52.8198
-1.48633 14.4158 -52.828
-1.36135 14.4301 -52.8358
-1.23618 14.4433 -52.8432
-1.11085 14.4553 -52.8501
-0.985349 14.466 -52.8566
-0.859707 14.4756 -52.8627
-0.733927 14.484 -52.8683
-0.608027 14.4911 -52.8735
-0.48201 14.4971 -52.8782
-0.355901 14.5019 -52.8826
-0.2297 14.5054 -52.8865
-0.103426 14.5078 -52.8899
0.0229048 14.5089 -52.893
0.149292 14.5089 -52.8956
0.27571 14.5076 -52.8978
0.402153 14.5051 -52.8996
0.528607 14.5014 -52.9009
0.655063 14.4965 -52.9018
0.781503 14.4903 -52.9023
0.907918 14.483 -52.9024
1.03429 14.4744 -52.9021
1.16062 14.4646 -52.9014
1.28688 14.4536 -52.9002
1.41306 14.4414 -52.8986
1.53915 14.428 -52.8966
1.66514 14.4134 -52.8942
1.79102 14.3976 -52.8914
1.91677 14.3805 -52.8882
2.04237 14.3623 -52.8846
2.16783 14.3428 -52.8806
2.29312 14.3222 -52.8762
2.41824 14.3003 -52.8713
2.54316 14.2772 -52.8661
2.66788 14.253 -52.8605
2.79239 14.2275 -52.8544
2.91667 14.2009 -52.848
3.04071 14.173 -52.8411
3.16449 14.144 -52.8339
3.28802 14.1138 -52.8262
3.41127 14.0824 -52.8182
3.53422 14.0499 -52.8098
3.65688 14.0161 -52.8009
1.60488
121.305
6
leng1 = 107.437
leng2 = 90.5954
