720
-37.374 91.3067 50
-37.377 91.0674 50.2871
-37.387 90.8282 50.5741
-37.403 90.589 50.8609
-37.425 90.3498 51.1472
-37.454 90.1108 51.4331
-37.49 89.8719 51.7184
-37.532 89.6332 52.0029
-37.58 89.3947 52.2865
-37.635 89.1564 52.5692
-37.697 88.9183 52.8506
-37.766 88.6806 53.1308
-37.841 88.4431 53.4095
-37.923 88.2061 53.6866
-38.011 87.9695 53.962
-38.107 87.7334 54.2354
-38.21 87.4978 54.5068
-38.32 87.2627 54.7759
-38.436 87.0284 55.0425
-38.561 86.7948 55.3065
-38.692 86.5619 55.5676
-38.831 86.33 55.8257
-38.978 86.099 56.0805
-39.132 85.8692 56.3315
-39.294 85.6406 56.5787
-39.464 85.4132 56.8218
-39.642 85.1874 57.0607
-39.828 84.963 57.2949
-40.021 84.7404 57.5243
-40.223 84.5197 57.7486
-40.433 84.3009 57.9674
-40.651 84.0846 58.1798
-40.878 83.8707 58.386
-41.113 83.6595 58.5857
-41.356 83.4511 58.7786
-41.607 83.2456 58.9644
-41.866 83.0435 59.1427
-42.134 82.8453 59.3122
-42.409 82.6508 59.4735
-42.692 82.4604 59.6263
-42.982 82.2743 59.7703
-43.28 82.0926 59.9053
-43.585 81.9162 60.0299
-43.896 81.7449 60.1446
-44.214 81.5788 60.2495
-44.538 81.4182 60.3444
-44.868 81.2632 60.4293
-45.203 81.1148 60.5026
-45.542 80.9725 60.5655
-45.887 80.8363 60.6181
-46.234 80.7063 60.6605
-46.586 80.5827 60.6926
-46.94 80.4662 60.7135
-47.297 80.3563 60.7242
-47.656 80.253 60.725
-48.017 80.1562 60.7161
-48.379 80.0659 60.6979
-48.743 79.982 60.6704
-49.106 79.9047 60.6337
-49.471 79.8343 60.5877
-49.835 79.77 60.5333
-50.199 79.712 60.4708
-50.562 79.6599 60.4006
-50.925 79.6138 60.3228
-51.286 79.5735 60.2378
-51.647 79.5389 60.1459
-52.006 79.5099 60.0473
-52.364 79.4863 59.9424
-52.721 79.468 59.8313
-53.075 79.4549 59.7145
-53.429 79.4468 59.5921
-53.78 79.4437 59.4644
-54.129 79.4453 59.3317
-54.477 79.4516 59.1942
-54.822 79.4625 59.0521
-55.166 79.4777 58.9056
-55.507 79.4972 58.755
-55.847 79.521 58.6005
-56.184 79.5487 58.4422
-56.52 79.5805 58.2804
-56.853 79.6161 58.1151
-57.184 79.6555 57.9467
-57.514 79.6985 57.7752
-57.841 79.7454 57.6005
-58.166 79.796 57.423
-58.489 79.8501 57.2429
-58.81 79.9074 57.0602
-59.129 79.968 56.8752
-59.446 80.0319 56.688
-59.761 80.0988 56.4987
-60.074 80.1689 56.3073
-60.385 80.2426 56.1136
-60.695 80.3192 55.9181
-61.002 80.3987 55.7209
-61.308 80.481 55.5221
-61.612 80.5662 55.3218
-61.914 80.6541 55.12
-62.213 80.7454 54.9165
-62.512 80.8394 54.7117
-62.808 80.9361 54.5057
-63.103 81.0353 54.2986
-63.396 81.137 54.0904
-63.688 81.2419 53.8809
-63.977 81.3495 53.6705
-64.265 81.4596 53.4592
-64.552 81.5721 53.2471
-64.837 81.687 53.0342
-65.12 81.805 52.8205
-65.401 81.9255 52.606
-65.681 82.0484 52.391
-65.959 82.1737 52.1755
-66.236 82.3014 51.9594
-66.511 82.4322 51.7428
-66.785 82.5653 51.5258
-67.057 82.7007 51.3085
-67.328 82.8384 51.0909
-67.598 82.9789 50.873
-67.865 83.1221 50.6549
-68.132 83.2675 50.4367
-68.397 83.4153 50.2184
-68.66 83.5654 50
-68.922 83.7186 49.7816
-69.182 83.8742 49.5633
-69.441 84.0321 49.3451
-69.699 84.1923 49.127
-69.956 84.3552 48.9091
-70.21 84.521 48.6915
-70.464 84.6891 48.4742
-70.716 84.8595 48.2572
-70.967 85.0324 48.0406
-71.216 85.2084 47.8245
-71.463 85.387 47.609
-71.71 85.5679 47.394
-71.955 85.7514 47.1795
-72.199 85.9375 46.9658
-72.441 86.1268 46.7529
-72.681 86.3186 46.5408
-72.921 86.513 46.3295
-73.159 86.7099 46.1191
-73.395 86.9098 45.9096
-73.63 87.1128 45.7014
-73.863 87.3186 45.4943
-74.095 87.5271 45.2883
-74.326 87.7384 45.0835
-74.555 87.9524 44.88
-74.782 88.1701 44.6782
-75.007 88.3906 44.4779
-75.232 88.6141 44.2791
-75.454 88.8406 44.0819
-75.675 89.07 43.8864
-75.894 89.3026 43.6927
-76.112 89.5389 43.5013
-76.327 89.7784 43.312
-76.541 90.0212 43.1248
-76.753 90.2672 42.9398
-76.963 90.5165 42.7571
-77.172 90.7692 42.577
-77.378 91.0254 42.3995
-77.582 91.2851 42.2248
-77.784 91.5487 42.0533
-77.984 91.8157 41.8849
-78.181 92.0867 41.7196
-78.377 92.3617 41.5578
-78.569 92.6397 41.3995
-78.76 92.9217 41.245
-78.947 93.2077 41.0944
-79.132 93.4977 40.9479
-79.314 93.7917 40.8058
-79.494 94.0897 40.6683
-79.67 94.3917 40.5356
-79.843 94.6967 40.4079
-80.012 95.0067 40.2855
-80.178 95.3207 40.1687
-80.341 95.6387 40.0576
-80.499 95.9607 39.9527
-80.654 96.2857 39.8541
-80.804 96.6157 39.7622
-80.95 96.9487 39.6772
-81.091 97.2857 39.5994
-81.228 97.6267 39.5292
-81.36 97.9707 39.4667
-81.486 98.3187 39.4123
-81.607 98.6687 39.3663
-81.722 99.0227 39.3296
-81.831 99.3787 39.3021
-81.934 99.7377 39.2839
-82.031 100.099 39.275
-82.121 100.462 39.2758
-82.204 100.826 39.2865
-82.28 101.191 39.3074
-82.349 101.557 39.3395
-82.41 101.924 39.3819
-82.464 102.29 39.4345
-82.511 102.655 39.4974
-82.55 103.02 39.5707
-82.581 103.382 39.6556
-82.603 103.743 39.7505
-82.619 104.101 39.8554
-82.626 104.457 39.9701
-82.626 104.809 40.0947
-82.617 105.158 40.2297
-82.601 105.502 40.3737
-82.578 105.843 40.5265
-82.547 106.178 40.6878
-82.509 106.509 40.8573
-82.464 106.835 41.0356
-82.411 107.155 41.2214
-82.352 107.469 41.4143
-82.287 107.778 41.614
-82.215 108.082 41.8202
-82.137 108.379 42.0326
-82.052 108.67 42.2514
-81.962 108.955 42.4757
-81.866 109.234 42.7051
-81.764 109.507 42.9393
-81.658 109.774 43.1782
-81.546 110.035 43.4213
-81.429 110.29 43.6685
-81.307 110.538 43.9195
-81.18 110.781 44.1743
-81.049 111.017 44.4324
-80.913 111.247 44.6935
-80.773 111.472 44.9575
-80.628 111.69 45.2241
-80.48 111.903 45.4932
-80.327 112.109 45.7646
-80.17 112.31 46.038
-80.01 112.505 46.3134
-79.846 112.695 46.5905
-79.678 112.879 46.8692
-79.506 113.057 47.1494
-79.331 113.229 47.4308
-79.152 113.396 47.7135
-78.969 113.558 47.9971
-78.784 113.713 48.2816
-78.594 113.863 48.5669
-78.402 114.008 48.8528
-78.206 114.147 49.1391
-78.007 114.281 49.4259
-77.805 114.409 49.7129
-77.599 114.531 50
-77.39 114.648 50.2871
-77.178 114.759 50.5741
-76.963 114.865 50.8609
-76.745 114.965 51.1472
-76.523 115.059 51.4331
-76.298 115.148 51.7184
-76.071 115.231 52.0029
-75.84 115.308 52.2865
-75.606 115.38 52.5692
-75.369 115.445 52.8506
-75.129 115.505 53.1308
-74.886 115.559 53.4095
-74.64 115.606 53.6866
-74.39 115.648 53.962
-74.138 115.683 54.2354
-73.882 115.712 54.5068
-73.624 115.734 54.7759
-73.363 115.75 55.0425
-73.098 115.759 55.3065
-72.831 115.762 55.5676
-72.561 115.758 55.8257
-72.287 115.746 56.0805
-72.011 115.727 56.3315
-71.732 115.701 56.5787
-71.45 115.667 56.8218
-71.165 115.626 57.0607
-70.878 115.578 57.2949
-70.589 115.521 57.5243
-70.297 115.457 57.7486
-70.002 115.385 57.9674
-69.706 115.304 58.1798
-69.407 115.214 58.386
-69.107 115.116 58.5857
-68.805 115.01 58.7786
-68.501 114.896 58.9644
-68.197 114.772 59.1427
-67.891 114.64 59.3122
-67.585 114.498 59.4735
-67.279 114.348 59.6263
-66.973 114.19 59.7703
-66.666 114.023 59.9053
-66.361 113.848 60.0299
-66.057 113.663 60.1446
-65.754 113.471 60.2495
-65.453 113.271 60.3444
-65.154 113.063 60.4293
-64.858 112.847 60.5026
-64.565 112.624 60.5655
-64.275 112.394 60.6181
-63.989 112.158 60.6605
-63.706 111.915 60.6926
-63.428 111.667 60.7135
-63.154 111.412 60.7242
-62.885 111.153 60.725
-62.621 110.889 60.7161
-62.361 110.62 60.6979
-62.107 110.348 60.6704
-61.858 110.071 60.6337
-61.615 109.791 60.5877
-61.378 109.508 60.5333
-61.145 109.222 60.4708
-60.919 108.933 60.4006
-60.697 108.642 60.3228
-60.482 108.349 60.2378
-60.271 108.054 60.1459
-60.066 107.757 60.0473
-59.867 107.459 59.9424
-59.673 107.16 59.8313
-59.484 106.859 59.7145
-59.301 106.557 59.5921
-59.122 106.255 59.4644
-58.949 105.951 59.3317
-58.781 105.647 59.1942
-58.618 105.342 59.0521
-58.459 105.037 58.9056
-58.305 104.732 58.755
-58.156 104.426 58.6005
-58.011 104.12 58.4422
-57.871 103.814 58.2804
-57.735 103.507 58.1151
-57.604 103.2 57.9467
-57.476 102.894 57.7752
-57.353 102.587 57.6005
-57.235 102.28 57.423
-57.12 101.973 57.2429
-57.009 101.667 57.0602
-56.902 101.36 56.8752
-56.799 101.053 56.688
-56.699 100.747 56.4987
-56.603 100.441 56.3073
-56.511 100.135 56.1136
-56.423 99.8277 55.9181
-56.338 99.5217 55.7209
-56.257 99.2167 55.5221
-56.179 98.9107 55.3218
-56.104 98.6047 55.12
-56.033 98.2997 54.9165
-55.965 97.9947 54.7117
-55.901 97.6887 54.5057
-55.839 97.3847 54.2986
-55.781 97.0797 54.0904
-55.726 96.7747 53.8809
-55.674 96.4697 53.6705
-55.626 96.1657 53.4592
-55.58 95.8617 53.2471
-55.537 95.5577 53.0342
-55.497 95.2527 52.8205
-55.461 94.9487 52.606
-55.428 94.6457 52.391
-55.397 94.3417 52.1755
-55.369 94.0377 51.9594
-55.345 93.7337 51.7428
-55.323 93.4307 51.5258
-55.304 93.1267 51.3085
-55.288 92.8237 51.0909
-55.275 92.5197 50.873
-55.265 92.2167 50.6549
-55.258 91.9137 50.4367
-55.254 91.6097 50.2184
-55.252 91.3067 50
-55.254 91.0034 49.7816
-55.258 90.7 49.5633
-55.265 90.3967 49.3451
-55.275 90.0933 49.127
-55.288 89.7899 48.9091
-55.304 89.4864 48.6915
-55.323 89.1829 48.4742
-55.345 88.8793 48.2572
-55.369 88.5757 48.0406
-55.397 88.272 47.8245
-55.428 87.9682 47.609
-55.461 87.6643 47.394
-55.497 87.3603 47.1795
-55.537 87.0562 46.9658
-55.58 86.752 46.7529
-55.626 86.4477 46.5408
-55.674 86.1432 46.3295
-55.726 85.8387 46.1191
-55.781 85.534 45.9096
-55.839 85.2291 45.7014
-55.901 84.9242 45.4943
-55.965 84.619 45.2883
-56.033 84.3138 45.0835
-56.104 84.0084 44.88
-56.179 83.7028 44.6782
-56.257 83.3971 44.4779
-56.338 83.0913 44.2791
-56.423 82.7853 44.0819
-56.511 82.4792 43.8864
-56.603 82.173 43.6927
-56.699 81.8666 43.5013
-56.799 81.5602 43.312
-56.902 81.2536 43.1248
-57.009 80.947 42.9398
-57.12 80.6403 42.7571
-57.235 80.3335 42.577
-57.353 80.0268 42.3995
-57.476 79.72 42.2248
-57.604 79.4133 42.0533
-57.735 79.1067 41.8849
-57.871 78.8002 41.7196
-58.011 78.4939 41.5578
-58.156 78.1877 41.3995
-58.305 77.8819 41.245
-58.459 77.5763 41.0944
-58.618 77.2712 40.9479
-58.781 76.9666 40.8058
-58.949 76.6625 40.6683
-59.122 76.3591 40.5356
-59.301 76.0565 40.4079
-59.484 75.7547 40.2855
-59.673 75.4541 40.1687
-59.867 75.1545 40.0576
-60.066 74.8563 39.9527
-60.271 74.5597 39.8541
-60.482 74.2647 39.7622
-60.697 73.9715 39.6772
-60.919 73.6805 39.5994
-61.145 73.3919 39.5292
-61.378 73.1058 39.4667
-61.615 72.8225 39.4123
-61.858 72.5424 39.3663
-62.107 72.2659 39.3296
-62.361 71.9933 39.3021
-62.621 71.7248 39.2839
-62.885 71.4607 39.275
-63.428 70.947 39.2865
-63.989 70.4559 39.3395
-64.858 69.7667 39.4974
-65.754 69.1429 39.7505
-66.666 68.5902 40.0947
-67.585 68.1153 40.5265
-68.501 67.7181 41.0356
-69.407 67.3995 41.614
-70.297 67.1566 42.2514
-71.165 66.9873 42.9393
-72.011 66.8866 43.6685
-72.831 66.8519 44.4324
-73.624 66.8797 45.2241
-74.39 66.9661 46.038
-75.129 67.1088 46.8692
-75.84 67.3055 47.7135
-76.523 67.5545 48.5669
-77.178 67.8547 49.4259
-77.805 68.2052 50.2871
-78.402 68.6058 51.1472
-78.969 69.0562 52.0029
-79.506 69.5568 52.8506
-80.01 70.1082 53.6866
-80.48 70.7111 54.5068
-80.913 71.3664 55.3065
-81.307 72.0753 56.0805
-81.658 72.8397 56.8218
-81.962 73.6587 57.5243
-82.215 74.5321 58.1798
-82.411 75.4591 58.7786
-82.547 76.4354 59.3122
-82.617 77.4559 59.7703
-82.619 78.5123 60.1446
-82.55 79.5942 60.4293
-82.41 80.6901 60.6181
-82.204 81.7875 60.7135
-81.934 82.8753 60.7161
-81.607 83.9444 60.6337
-81.228 84.9866 60.4708
-80.804 85.9978 60.2378
-80.341 86.9749 59.9424
-79.843 87.9163 59.5921
-79.314 88.8216 59.1942
-78.76 89.6913 58.755
-78.181 90.5264 58.2804
-77.582 91.3287 57.7752
-76.963 92.0967 57.2429
-76.327 92.8347 56.688
-75.675 93.5437 56.1136
-75.007 94.2227 55.5221
-74.326 94.8747 54.9165
-73.63 95.5007 54.2986
-72.921 96.1007 53.6705
-72.199 96.6757 53.0342
-71.463 97.2267 52.391
-70.716 97.7537 51.7428
-69.956 98.2587 51.0909
-69.182 98.7397 50.4367
-68.397 99.1977 49.7816
-67.598 99.6347 49.127
-66.785 100.048 48.4742
-65.959 100.44 47.8245
-65.12 100.809 47.1795
-64.265 101.154 46.5408
-63.396 101.477 45.9096
-62.512 101.774 45.2883
-61.612 102.047 44.6782
-60.695 102.294 44.0819
-59.761 102.515 43.5013
-58.81 102.706 42.9398
-57.841 102.868 42.3995
-56.853 102.998 41.8849
-55.847 103.093 41.3995
-54.822 103.151 40.9479
-53.78 103.17 40.5356
-52.721 103.146 40.1687
-51.647 103.075 39.8541
-50.562 102.954 39.5994
-49.471 102.779 39.4123
-48.379 102.548 39.3021
-47.297 102.257 39.2758
-46.234 101.907 39.3395
-45.203 101.499 39.4974
-44.214 101.035 39.7505
-43.28 100.521 40.0947
-42.409 99.9627 40.5265
-41.607 99.3677 41.0356
-40.878 98.7427 41.614
-40.223 98.0937 42.2514
-39.642 97.4257 42.9393
-39.132 96.7447 43.6685
-38.692 96.0517 44.4324
-38.32 95.3507 45.2241
-38.011 94.6437 46.038
-37.766 93.9327 46.8692
-37.58 93.2187 47.7135
-37.454 92.5027 48.5669
-37.387 91.7847 49.4259
-37.377 91.0674 50.2871
