3
1
5
0
3
1
-2.22045e-16 -1 1.22465e-16 0 
-1 2.22045e-16 0 40 
-2.46519e-32 -1.22465e-16 -1 30 
0 0 0 1 
0.712127 -0.392714 0.581938 -28.1986 
-0.651607 -0.0611955 0.756085 151.83 
-0.261313 -0.917622 -0.299474 8.37851 
0 0 0 1 
-0.7536 0.176787 -0.633115 -23.547 
0.5015 -0.468033 -0.727628 80.4188 
-0.424954 -0.865847 0.264051 17.3273 
0 0 0 1 
0.128591 0.205212 0.970233 39.5549 
0.81572 0.534497 -0.221163 110.875 
-0.563972 0.819878 -0.0986642 -40.2392 
0 0 0 1 
0.418403 0.908261 1.1123e-16 -18.3155 
0.908261 -0.418403 -5.12396e-17 40 
-2.46519e-32 1.22465e-16 -1 -58.9575 
0 0 0 1 
-28.1986
151.83
8.37851
-23.547
80.4188
17.3273
39.5549
110.875
-40.2392
1.19367
2.52048
3.64556
-5.0605
-0.68557
3.37202
-1.15118
1.8154
2.13056
-0.431687
-3.31546
-28.9575
720
-83.592 100 60.5743
-83.592 100.308 60.5727
-83.592 100.616 60.5679
-83.592 100.924 60.5598
-83.592 101.232 60.5486
-83.592 101.539 60.5341
-83.592 101.846 60.5164
-83.592 102.153 60.4955
-83.592 102.459 60.4714
-83.591 102.764 60.4442
-83.591 103.069 60.4137
-83.591 103.373 60.3801
-83.59 103.677 60.3433
-83.59 103.98 60.3033
-83.589 104.281 60.2602
-83.588 104.582 60.214
-83.587 104.882 60.1647
-83.586 105.18 60.1123
-83.585 105.478 60.0568
-83.583 105.774 59.9982
-83.582 106.069 59.9366
-83.58 106.363 59.872
-83.577 106.655 59.8044
-83.575 106.946 59.7337
-83.572 107.235 59.6601
-83.569 107.523 59.5836
-83.565 107.808 59.5042
-83.561 108.093 59.4218
-83.556 108.375 59.3366
-83.552 108.656 59.2485
-83.546 108.934 59.1576
-83.54 109.211 59.064
-83.534 109.486 58.9675
-83.526 109.759 58.8684
-83.519 110.029 58.7665
-83.51 110.298 58.662
-83.501 110.564 58.5548
-83.491 110.828 58.445
-83.481 111.09 58.3327
-83.469 111.349 58.2178
-83.457 111.606 58.1004
-83.444 111.861 57.9806
-83.429 112.113 57.8583
-83.414 112.362 57.7336
-83.398 112.609 57.6065
-83.381 112.854 57.4772
-83.363 113.096 57.3456
-83.343 113.335 57.2117
-83.323 113.571 57.0756
-83.301 113.805 56.9374
-83.278 114.036 56.7971
-83.253 114.264 56.6546
-83.227 114.49 56.5102
-83.2 114.712 56.3638
-83.172 114.932 56.2154
-83.142 115.149 56.0652
-83.11 115.362 55.9131
-83.077 115.573 55.7592
-83.042 115.781 55.6035
-83.005 115.986 55.4462
-82.967 116.188 55.2872
-82.927 116.387 55.1265
-82.885 116.583 54.9644
-82.842 116.776 54.8006
-82.796 116.965 54.6355
-82.749 117.152 54.4689
-82.7 117.336 54.301
-82.648 117.516 54.1317
-82.595 117.694 53.9612
-82.539 117.868 53.7895
-82.482 118.04 53.6166
-82.422 118.208 53.4427
-82.36 118.373 53.2677
-82.296 118.535 53.0916
-82.229 118.694 52.9147
-82.16 118.85 52.7368
-82.089 119.002 52.5582
-82.015 119.152 52.3787
-81.939 119.298 52.1985
-81.861 119.442 52.0177
-81.78 119.583 51.8362
-81.696 119.72 51.6542
-81.61 119.854 51.4717
-81.521 119.986 51.2887
-81.429 120.114 51.1053
-81.335 120.24 50.9216
-81.238 120.362 50.7376
-81.139 120.482 50.5534
-81.036 120.598 50.369
-80.931 120.712 50.1845
-80.823 120.823 50
-80.712 120.931 49.8155
-80.598 121.036 49.631
-80.482 121.139 49.4466
-80.362 121.238 49.2624
-80.24 121.335 49.0784
-80.114 121.429 48.8947
-79.986 121.521 48.7113
-79.854 121.61 48.5283
-79.72 121.696 48.3458
-79.583 121.78 48.1638
-79.442 121.861 47.9823
-79.299 121.939 47.8015
-79.152 122.015 47.6213
-79.002 122.089 47.4418
-78.85 122.16 47.2632
-78.694 122.229 47.0853
-78.535 122.296 46.9084
-78.373 122.36 46.7323
-78.208 122.422 46.5573
-78.04 122.482 46.3834
-77.868 122.54 46.2105
-77.694 122.595 46.0388
-77.516 122.648 45.8683
-77.336 122.7 45.699
-77.152 122.749 45.5311
-76.965 122.796 45.3645
-76.776 122.842 45.1994
-76.583 122.886 45.0356
-76.387 122.927 44.8735
-76.188 122.967 44.7128
-75.986 123.005 44.5538
-75.781 123.042 44.3965
-75.573 123.077 44.2408
-75.362 123.11 44.0869
-75.149 123.142 43.9348
-74.932 123.172 43.7846
-74.712 123.2 43.6362
-74.49 123.227 43.4898
-74.264 123.253 43.3454
-74.036 123.278 43.2029
-73.805 123.301 43.0626
-73.571 123.323 42.9244
-73.335 123.343 42.7883
-73.096 123.363 42.6544
-72.854 123.381 42.5228
-72.609 123.398 42.3935
-72.362 123.414 42.2664
-72.113 123.429 42.1417
-71.861 123.444 42.0194
-71.606 123.457 41.8996
-71.349 123.469 41.7822
-71.09 123.481 41.6673
-70.828 123.491 41.555
-70.564 123.501 41.4452
-70.298 123.51 41.338
-70.029 123.519 41.2335
-69.759 123.526 41.1316
-69.486 123.534 41.0325
-69.211 123.54 40.936
-68.934 123.546 40.8424
-68.656 123.552 40.7515
-68.375 123.556 40.6634
-68.093 123.561 40.5782
-67.808 123.565 40.4958
-67.522 123.569 40.4164
-67.235 123.572 40.3399
-66.946 123.575 40.2663
-66.655 123.577 40.1956
-66.363 123.58 40.128
-66.069 123.582 40.0634
-65.774 123.583 40.0018
-65.478 123.585 39.9432
-65.18 123.586 39.8877
-64.882 123.587 39.8353
-64.582 123.588 39.786
-64.281 123.589 39.7398
-63.98 123.59 39.6967
-63.677 123.59 39.6567
-63.373 123.591 39.6199
-63.069 123.591 39.5863
-62.764 123.591 39.5558
-62.459 123.592 39.5286
-62.153 123.592 39.5045
-61.846 123.592 39.4836
-61.539 123.592 39.4659
-61.232 123.592 39.4514
-60.924 123.592 39.4402
-60.616 123.592 39.4321
-60.308 123.592 39.4273
-60 123.592 39.4257
-59.692 123.592 39.4273
-59.384 123.592 39.4321
-59.076 123.592 39.4402
-58.768 123.592 39.4514
-58.461 123.592 39.4659
-58.154 123.592 39.4836
-57.847 123.592 39.5045
-57.541 123.592 39.5286
-57.236 123.591 39.5558
-56.931 123.591 39.5863
-56.627 123.591 39.6199
-56.323 123.59 39.6567
-56.02 123.59 39.6967
-55.719 123.589 39.7398
-55.418 123.588 39.786
-55.118 123.587 39.8353
-54.82 123.586 39.8877
-54.522 123.585 39.9432
-54.226 123.583 40.0018
-53.931 123.582 40.0634
-53.637 123.58 40.128
-53.345 123.577 40.1956
-53.054 123.575 40.2663
-52.765 123.572 40.3399
-52.478 123.569 40.4164
-52.192 123.565 40.4958
-51.907 123.561 40.5782
-51.625 123.556 40.6634
-51.344 123.552 40.7515
-51.066 123.546 40.8424
-50.789 123.54 40.936
-50.514 123.534 41.0325
-50.241 123.526 41.1316
-49.971 123.519 41.2335
-49.702 123.51 41.338
-49.436 123.501 41.4452
-49.172 123.491 41.555
-48.91 123.481 41.6673
-48.651 123.469 41.7822
-48.394 123.457 41.8996
-48.139 123.444 42.0194
-47.887 123.429 42.1417
-47.638 123.414 42.2664
-47.391 123.398 42.3935
-47.146 123.381 42.5228
-46.904 123.363 42.6544
-46.665 123.343 42.7883
-46.429 123.323 42.9244
-46.195 123.301 43.0626
-45.964 123.278 43.2029
-45.736 123.253 43.3454
-45.51 123.227 43.4898
-45.288 123.2 43.6362
-45.068 123.172 43.7846
-44.851 123.142 43.9348
-44.638 123.11 44.0869
-44.427 123.077 44.2408
-44.219 123.042 44.3965
-44.014 123.005 44.5538
-43.812 122.967 44.7128
-43.613 122.927 44.8735
-43.417 122.886 45.0356
-43.224 122.842 45.1994
-43.035 122.796 45.3645
-42.848 122.749 45.5311
-42.664 122.7 45.699
-42.484 122.648 45.8683
-42.306 122.595 46.0388
-42.132 122.54 46.2105
-41.96 122.482 46.3834
-41.792 122.422 46.5573
-41.627 122.36 46.7323
-41.465 122.296 46.9084
-41.306 122.229 47.0853
-41.15 122.16 47.2632
-40.998 122.089 47.4418
-40.848 122.015 47.6213
-40.701 121.939 47.8015
-40.558 121.861 47.9823
-40.417 121.78 48.1638
-40.28 121.696 48.3458
-40.146 121.61 48.5283
-40.014 121.521 48.7113
-39.886 121.429 48.8947
-39.76 121.335 49.0784
-39.638 121.238 49.2624
-39.518 121.139 49.4466
-39.402 121.036 49.631
-39.288 120.931 49.8155
-39.177 120.823 50
-39.069 120.712 50.1845
-38.964 120.598 50.369
-38.861 120.482 50.5534
-38.762 120.362 50.7376
-38.665 120.24 50.9216
-38.571 120.114 51.1053
-38.479 119.986 51.2887
-38.39 119.854 51.4717
-38.304 119.72 51.6542
-38.22 119.583 51.8362
-38.139 119.442 52.0177
-38.061 119.298 52.1985
-37.985 119.152 52.3787
-37.911 119.002 52.5582
-37.84 118.85 52.7368
-37.771 118.694 52.9147
-37.704 118.535 53.0916
-37.64 118.373 53.2677
-37.578 118.208 53.4427
-37.518 118.04 53.6166
-37.461 117.868 53.7895
-37.405 117.694 53.9612
-37.352 117.516 54.1317
-37.3 117.336 54.301
-37.251 117.152 54.4689
-37.204 116.965 54.6355
-37.158 116.776 54.8006
-37.115 116.583 54.9644
-37.073 116.387 55.1265
-37.033 116.188 55.2872
-36.995 115.986 55.4462
-36.958 115.781 55.6035
-36.923 115.573 55.7592
-36.89 115.362 55.9131
-36.858 115.149 56.0652
-36.828 114.932 56.2154
-36.8 114.712 56.3638
-36.773 114.49 56.5102
-36.747 114.264 56.6546
-36.722 114.036 56.7971
-36.699 113.805 56.9374
-36.677 113.571 57.0756
-36.657 113.335 57.2117
-36.637 113.096 57.3456
-36.619 112.854 57.4772
-36.602 112.609 57.6065
-36.586 112.362 57.7336
-36.571 112.113 57.8583
-36.556 111.861 57.9806
-36.543 111.606 58.1004
-36.531 111.349 58.2178
-36.519 111.09 58.3327
-36.509 110.828 58.445
-36.499 110.564 58.5548
-36.49 110.298 58.662
-36.481 110.029 58.7665
-36.474 109.759 58.8684
-36.466 109.486 58.9675
-36.46 109.211 59.064
-36.454 108.934 59.1576
-36.448 108.656 59.2485
-36.444 108.375 59.3366
-36.439 108.093 59.4218
-36.435 107.808 59.5042
-36.431 107.523 59.5836
-36.428 107.235 59.6601
-36.425 106.946 59.7337
-36.423 106.655 59.8044
-36.42 106.363 59.872
-36.418 106.069 59.9366
-36.417 105.774 59.9982
-36.415 105.478 60.0568
-36.414 105.18 60.1123
-36.413 104.882 60.1647
-36.412 104.582 60.214
-36.411 104.281 60.2602
-36.41 103.98 60.3033
-36.41 103.677 60.3433
-36.409 103.373 60.3801
-36.409 103.069 60.4137
-36.409 102.764 60.4442
-36.408 102.459 60.4714
-36.408 102.153 60.4955
-36.408 101.846 60.5164
-36.408 101.539 60.5341
-36.408 101.232 60.5486
-36.408 100.924 60.5598
-36.408 100.616 60.5679
-36.408 100.308 60.5727
-36.408 100 60.5743
-36.408 99.6919 60.5727
-36.408 99.3839 60.5679
-36.408 99.0761 60.5598
-36.408 98.7684 60.5486
-36.408 98.461 60.5341
-36.408 98.154 60.5164
-36.408 97.8474 60.4955
-36.408 97.5413 60.4714
-36.409 97.2357 60.4442
-36.409 96.9308 60.4137
-36.409 96.6266 60.3801
-36.41 96.3231 60.3433
-36.41 96.0205 60.3033
-36.411 95.7187 60.2602
-36.412 95.4179 60.214
-36.413 95.1182 60.1647
-36.414 94.8195 60.1123
-36.415 94.5221 60.0568
-36.417 94.2258 59.9982
-36.418 93.9308 59.9366
-36.42 93.6372 59.872
-36.423 93.345 59.8044
-36.425 93.0543 59.7337
-36.428 92.7651 59.6601
-36.431 92.4775 59.5836
-36.435 92.1916 59.5042
-36.439 91.9074 59.4218
-36.444 91.625 59.3366
-36.448 91.3444 59.2485
-36.454 91.0657 59.1576
-36.46 90.7889 59.064
-36.466 90.5141 58.9675
-36.474 90.2414 58.8684
-36.481 89.9708 58.7665
-36.49 89.7023 58.662
-36.499 89.436 58.5548
-36.509 89.172 58.445
-36.519 88.9103 58.3327
-36.531 88.6509 58.2178
-36.543 88.3939 58.1004
-36.556 88.1393 57.9806
-36.571 87.8872 57.8583
-36.586 87.6376 57.7336
-36.602 87.3905 57.6065
-36.619 87.1461 57.4772
-36.637 86.9042 57.3456
-36.657 86.6651 57.2117
-36.677 86.4286 57.0756
-36.699 86.1949 56.9374
-36.722 85.9639 56.7971
-36.747 85.7357 56.6546
-36.773 85.5103 56.5102
-36.8 85.2878 56.3638
-36.828 85.0682 56.2154
-36.858 84.8514 56.0652
-36.89 84.6376 55.9131
-36.923 84.4267 55.7592
-36.958 84.2188 55.6035
-36.995 84.0139 55.4462
-37.033 83.8119 55.2872
-37.073 83.613 55.1265
-37.115 83.4171 54.9644
-37.158 83.2243 54.8006
-37.204 83.0345 54.6355
-37.251 82.8478 54.4689
-37.3 82.6642 54.301
-37.352 82.4836 54.1317
-37.405 82.3061 53.9612
-37.461 82.1317 53.7895
-37.518 81.9604 53.6166
-37.578 81.7923 53.4427
-37.64 81.6272 53.2677
-37.704 81.4652 53.0916
-37.771 81.3063 52.9147
-37.84 81.1504 52.7368
-37.911 80.9977 52.5582
-37.985 80.8481 52.3787
-38.061 80.7015 52.1985
-38.139 80.5579 52.0177
-38.22 80.4175 51.8362
-38.304 80.28 51.6542
-38.39 80.1456 51.4717
-38.479 80.0142 51.2887
-38.571 79.8858 51.1053
-38.665 79.7603 50.9216
-38.762 79.6378 50.7376
-38.861 79.5183 50.5534
-38.964 79.4016 50.369
-39.069 79.2879 50.1845
-39.177 79.177 50
-39.288 79.069 49.8155
-39.402 78.9638 49.631
-39.518 78.8614 49.4466
-39.638 78.7617 49.2624
-39.76 78.6648 49.0784
-39.886 78.5707 48.8947
-40.014 78.4791 48.7113
-40.146 78.3903 48.5283
-40.28 78.304 48.3458
-40.417 78.2204 48.1638
-40.558 78.1393 47.9823
-40.701 78.0607 47.8015
-40.848 77.9846 47.6213
-40.998 77.9109 47.4418
-41.15 77.8396 47.2632
-41.306 77.7708 47.0853
-41.465 77.7042 46.9084
-41.627 77.6399 46.7323
-41.792 77.5779 46.5573
-41.96 77.5181 46.3834
-42.132 77.4605 46.2105
-42.306 77.405 46.0388
-42.484 77.3516 45.8683
-42.664 77.3003 45.699
-42.848 77.2509 45.5311
-43.035 77.2036 45.3645
-43.224 77.1581 45.1994
-43.417 77.1145 45.0356
-43.613 77.0728 44.8735
-43.812 77.0329 44.7128
-44.014 76.9947 44.5538
-44.219 76.9582 44.3965
-44.427 76.9233 44.2408
-44.638 76.8901 44.0869
-44.851 76.8585 43.9348
-45.068 76.8284 43.7846
-45.288 76.7998 43.6362
-45.51 76.7726 43.4898
-45.736 76.7468 43.3454
-45.964 76.7224 43.2029
-46.195 76.6993 43.0626
-46.429 76.6774 42.9244
-46.665 76.6568 42.7883
-46.904 76.6373 42.6544
-47.146 76.619 42.5228
-47.391 76.6018 42.3935
-47.638 76.5857 42.2664
-47.887 76.5706 42.1417
-48.139 76.5564 42.0194
-48.394 76.5432 41.8996
-48.651 76.5308 41.7822
-48.91 76.5194 41.6673
-49.172 76.5087 41.555
-49.436 76.4988 41.4452
-49.702 76.4897 41.338
-49.971 76.4813 41.2335
-50.241 76.4735 41.1316
-50.514 76.4664 41.0325
-50.789 76.4598 40.936
-51.066 76.4539 40.8424
-51.344 76.4484 40.7515
-51.625 76.4435 40.6634
-51.907 76.439 40.5782
-52.192 76.435 40.4958
-52.478 76.4314 40.4164
-52.765 76.4281 40.3399
-53.054 76.4253 40.2663
-53.345 76.4227 40.1956
-53.637 76.4204 40.128
-53.931 76.4184 40.0634
-54.226 76.4167 40.0018
-54.522 76.4152 39.9432
-54.82 76.4139 39.8877
-55.118 76.4128 39.8353
-55.418 76.4118 39.786
-55.719 76.411 39.7398
-56.02 76.4103 39.6967
-56.323 76.4098 39.6567
-56.627 76.4093 39.6199
-56.931 76.409 39.5863
-57.236 76.4087 39.5558
-57.541 76.4084 39.5286
-57.847 76.4082 39.5045
-58.154 76.4081 39.4836
-58.461 76.408 39.4659
-58.768 76.4079 39.4514
-59.076 76.4079 39.4402
-59.384 76.4078 39.4321
-59.692 76.4078 39.4273
-60 76.4078 39.4257
-60.308 76.4078 39.4273
-60.616 76.4078 39.4321
-60.924 76.4079 39.4402
-61.232 76.4079 39.4514
-61.539 76.408 39.4659
-61.846 76.4081 39.4836
-62.153 76.4082 39.5045
-62.459 76.4084 39.5286
-62.764 76.4087 39.5558
-63.069 76.409 39.5863
-63.373 76.4093 39.6199
-63.677 76.4098 39.6567
-63.98 76.4103 39.6967
-64.281 76.411 39.7398
-64.582 76.4118 39.786
-64.882 76.4128 39.8353
-65.18 76.4139 39.8877
-65.478 76.4152 39.9432
-65.774 76.4167 40.0018
-66.069 76.4184 40.0634
-66.363 76.4204 40.128
-66.655 76.4227 40.1956
-66.946 76.4253 40.2663
-67.235 76.4281 40.3399
-67.522 76.4314 40.4164
-67.808 76.435 40.4958
-68.093 76.439 40.5782
-68.375 76.4435 40.6634
-68.656 76.4484 40.7515
-68.934 76.4539 40.8424
-69.211 76.4598 40.936
-69.486 76.4664 41.0325
-69.759 76.4735 41.1316
-70.029 76.4813 41.2335
-70.298 76.4897 41.338
-70.564 76.4988 41.4452
-70.828 76.5087 41.555
-71.09 76.5194 41.6673
-71.349 76.5308 41.7822
-71.606 76.5432 41.8996
-71.861 76.5564 42.0194
-72.113 76.5706 42.1417
-72.362 76.5857 42.2664
-72.609 76.6018 42.3935
-72.854 76.619 42.5228
-73.096 76.6373 42.6544
-73.335 76.6568 42.7883
-73.571 76.6774 42.9244
-73.805 76.6993 43.0626
-74.036 76.7224 43.2029
-74.264 76.7468 43.3454
-74.49 76.7726 43.4898
-74.712 76.7998 43.6362
-74.932 76.8284 43.7846
-75.149 76.8585 43.9348
-75.362 76.8901 44.0869
-75.573 76.9233 44.2408
-75.781 76.9582 44.3965
-75.986 76.9947 44.5538
-76.188 77.0329 44.7128
-76.387 77.0728 44.8735
-76.583 77.1145 45.0356
-76.776 77.1581 45.1994
-76.965 77.2036 45.3645
-77.152 77.2509 45.5311
-77.336 77.3003 45.699
-77.516 77.3516 45.8683
-77.694 77.405 46.0388
-77.868 77.4605 46.2105
-78.04 77.5181 46.3834
-78.208 77.5779 46.5573
-78.373 77.6399 46.7323
-78.535 77.7042 46.9084
-78.694 77.7708 47.0853
-78.85 77.8396 47.2632
-79.002 77.9109 47.4418
-79.152 77.9846 47.6213
-79.299 78.0607 47.8015
-79.442 78.1393 47.9823
-79.583 78.2204 48.1638
-79.72 78.304 48.3458
-79.854 78.3903 48.5283
-79.986 78.4791 48.7113
-80.114 78.5707 48.8947
-80.24 78.6648 49.0784
-80.362 78.7617 49.2624
-80.482 78.8614 49.4466
-80.598 78.9638 49.631
-80.712 79.069 49.8155
-80.823 79.177 50
-80.931 79.2879 50.1845
-81.036 79.4016 50.369
-81.139 79.5183 50.5534
-81.238 79.6378 50.7376
-81.335 79.7603 50.9216
-81.429 79.8858 51.1053
-81.521 80.0142 51.2887
-81.61 80.1456 51.4717
-81.696 80.28 51.6542
-81.78 80.4175 51.8362
-81.861 80.5579 52.0177
-81.939 80.7015 52.1985
-82.015 80.8481 52.3787
-82.089 80.9977 52.5582
-82.16 81.1504 52.7368
-82.229 81.3063 52.9147
-82.296 81.4652 53.0916
-82.36 81.6272 53.2677
-82.422 81.7923 53.4427
-82.482 81.9604 53.6166
-82.539 82.1317 53.7895
-82.595 82.3061 53.9612
-82.648 82.4836 54.1317
-82.7 82.6642 54.301
-82.749 82.8478 54.4689
-82.796 83.0345 54.6355
-82.842 83.2243 54.8006
-82.885 83.4171 54.9644
-82.927 83.613 55.1265
-82.967 83.8119 55.2872
-83.005 84.0139 55.4462
-83.042 84.2188 55.6035
-83.077 84.4267 55.7592
-83.11 84.6376 55.9131
-83.142 84.8514 56.0652
-83.172 85.0682 56.2154
-83.2 85.2878 56.3638
-83.227 85.5103 56.5102
-83.253 85.7357 56.6546
-83.278 85.9639 56.7971
-83.301 86.1949 56.9374
-83.323 86.4286 57.0756
-83.343 86.6651 57.2117
-83.363 86.9042 57.3456
-83.381 87.1461 57.4772
-83.398 87.3905 57.6065
-83.414 87.6376 57.7336
-83.429 87.8872 57.8583
-83.444 88.1393 57.9806
-83.457 88.3939 58.1004
-83.469 88.6509 58.2178
-83.481 88.9103 58.3327
-83.491 89.172 58.445
-83.501 89.436 58.5548
-83.51 89.7023 58.662
-83.519 89.9708 58.7665
-83.526 90.2414 58.8684
-83.534 90.5141 58.9675
-83.54 90.7889 59.064
-83.546 91.0657 59.1576
-83.552 91.3444 59.2485
-83.556 91.625 59.3366
-83.561 91.9074 59.4218
-83.565 92.1916 59.5042
-83.569 92.4775 59.5836
-83.572 92.7651 59.6601
-83.575 93.0543 59.7337
-83.577 93.345 59.8044
-83.58 93.6372 59.872
-83.582 93.9308 59.9366
-83.583 94.2258 59.9982
-83.585 94.5221 60.0568
-83.586 94.8195 60.1123
-83.587 95.1182 60.1647
-83.588 95.4179 60.214
-83.589 95.7187 60.2602
-83.59 96.0205 60.3033
-83.59 96.3231 60.3433
-83.591 96.6266 60.3801
-83.591 96.9308 60.4137
-83.591 97.2357 60.4442
-83.592 97.5413 60.4714
-83.592 97.8474 60.4955
-83.592 98.154 60.5164
-83.592 98.461 60.5341
-83.592 98.7684 60.5486
-83.592 99.0761 60.5598
-83.592 99.3839 60.5679
-83.592 99.6919 60.5727
9.8276
631.125
1140
2
ValFK = 19.7857
ValIK = 18.7291
ValUni = 18.8782
ValIKUni = 21.2315
min kesi = 0.205825
min Unikesi = 0.181011
len_avg = 92.8722
len_var = 14.4124
